0.31786
0.277082
0.0750682
0.229924
0.0467868
0.0194345
0.0320643
0.0366577
0.104807
0.0225408
0
0
0.0193825
0.0289156
0.0108985
0.0609441
0.0673327
0
0.00792664
0.0783194
0.0415025
0.00288715
0.000282043
0.0449813
0.0177796
0.00453614
0
0.000728046
0.0285145
0.0214648
0
0.0454844
0
0
0
0
0
0
0
0.0626158
0.0465763
0.00458271
0.0552264
0.047362
0.00246403
0.0216728
0.00730094
0
0.0040819
0
0.00565924
0
0.0120862
0.00626102
0
0
0
0.00146516
0.000671385
0.0110181
0.0110585
0
0.019056
0
0.0457519
0
0.0254932
0
0
0
0
0
0.00413111
0
0.0172803
0
0.00181473
0
0
0
0
0
0
0
0
0
0
0
0
0
0
0
0
0
0.023806
0
0
0
0
0
0
0.0229347
0
0.00103775
0
0
0
0
0.0106992
0
0.0293477
0.0261349
0.0866425
0.0321841
0.0511783
0.037576
0.385395
0.255731
0.040284
0
0
0
0
0
0
0
0
0
0
0
0
0
0
0
0
0
0
0
0
0
0
0
0
0
0
0
0
0
0
0
0
0
0
0
0
0.0107796
0.00346986
0
0
0
0
0
0
0
0
0
0
0
0.00208967
0
0
0
0
0
0
0
0.0146422
0
0
0
0.0146422
0.000753929
0
0
0
0
0
0.0468806
0
0
0
0
0
0
0
0.0103807
0
0
0
0
0
0
0
0
0
0
0
0
0
0
0
0
0
0
0
0
0
0
0
0.181169
0.046175
0.0254516
0.0304415
0.0521848
0.200766
0.0349351
0.0267773
0.0357787
0.0254516
0.0285145
0.0254516
0.0415732
0.0254516
0.0385104
0.0254516
0.041961
0.0279156
0.0270977
0.0254516
0.042526
0.0449724
0.0254516
0.0285332
0.166163
0.160727
0.0374802
0.0962355
0.0190519
0
0
0
0
0
0
0
0
0
0
0
0
0
0
0
0.040284
0
0
0
0
0
0.0254264
0
0
0.0254264
0
0
0
0.00298709
0
0.0229347
0
0
0
0.00424659
0.000447883
0.000274544
0.000274544
0.00403643
0.000274544
0.000274544
0.00236958
0.0023977
0.0760292
0.0210556
0.0236911
0.0328353
0.0154984
0
0
0
0
0
0.0578362
0.0187984
0.0251343
0.0024515
0.023234
0.0180819
0.0387869
0.0118557
0.00411254
0
0
0.00452186
0.0724616
0.00197704
0.0394969
0.00232058
0.022883
0.0257354
0.0198037
0
0
0
0.0208912
0.00212779
0.00298709
0
0
0
0
0.10104
0.0209885
0.0516906
0.012646
0.06206
0.012646
0.012646
0.0275093
0.0275093
0.012646
0.012646
0.0157076
0.012646
0.0164046
0.0130338
0.0534779
0.012646
0.012646
0.0281142
0.024308
0.0226108
0.041983
0.0230583
0.012646
0.0131768
0.012646
0.0151377
0.0428538
0.0304964
0.026185
0.0293932
0.012646
0.0180299
0.0174341
0.0275093
0.012646
0.0275093
0.0145299
0.012646
0.012646
0.014104
0.021666
0.0261087
0.0241345
0.0258302
0.0276187
0.0156331
0.012646
0.012646
0.0201693
0.0515092
0.0131768
0.012646
0.0156331
0.012646
0.012646
0.012646
0.0275093
0.0275093
0.0133643
0.0252816
0.0161639
0.0446983
0.012646
0.0141112
0.0229731
0.012646
0.0275816
0.0216683
0.012646
0.019508
0.018619
0.012646
0.0275093
0.0275093
0.0201912
0.0203346
0.012646
0.0209285
0.012646
0.012646
0.0192462
0.012646
0.0131187
0.0394596
0.0202163
0.0257242
0.0184607
0.0191287
0.017988
0.0349957
0.01718
0.0275093
0.012646
0.0298404
0.012646
0.012646
0.0320455
0.012646
0.012646
0.032683
0.012646
0.0173126
0.0275093
0.012646
0.012646
0.012646
0.0316271
0.0182176
0.0183386
0.012646
0.0324335
0.0127713
0.012646
0.0941706
0.012646
0.012646
0.0287679
0.0227006
0.021666
0.0800995
0.012646
0.0375672
0.0128516
0.0350272
0.0384158
0.0129264
0.0312544
0.0275093
0.0161159
0.038265
0.0210105
0.012646
0.0322425
0.012646
0.0350424
0.0303776
0.012646
0.012646
0.0165546
0.0332457
0.012646
0.012646
0.0275093
0.0199599
0.012646
0.012646
0.0310728
0.0147443
0.0275093
0.012646
0.0565578
0.012646
0.0175308
0.0156331
0.0305254
0.0126793
0.0233149
0.0759565
0.0148743
0.0142156
0.0275093
0.0277885
0.012646
0.012646
0.0349949
0.0275093
0.0162027
0.0324444
0.0368472
0.0140357
0.012646
0.0156331
0.0156331
0.012646
0
0
0
0
0
0
0
0
0
0
0
0
0
0.0157615
0.00519443
0.090767
0.0013957
0.0118837
0.000287098
0.0194384
0
0
0
0
0
0
0
0
0
0
0
0
0
0
0
0
0
0
0
0
0
0
0
0
0
0
0.0746964
0
0
0
0
0
0
0
0.0460819
0.00318655
0.00318655
0.0188796
0
0
0
0
0
0
0
0
0
0
0
0
0
0.00590972
0.00326397
0.00470493
0
0
0
0
0.00355664
0
0.0363026
0
0
0
0.00982622
0
0
0
0
0.00294535
0
0
0
0
0
0
0
0
0
0
0.0152976
0.003362
0
0
7.59937e-005
0
0
0
0
0
0
0
0.00780083
0
0.0356608
2.23361e-005
0.00775283
0.000746058
0
0
0
0
0
0
0
0.000670329
0
0
0
0
0
0
0
0.0214484
0
0.00103775
0
0
0.000968258
0.00107668
0.00204494
8.20401e-006
0
0.0171395
0
0
0
0.0321818
0
0
0
0
0
0.00807139
0
0.0146422
0.014089
0.0110585
0.0191461
0.000431073
0.00156606
0.00157431
0.00157431
0
0
0
0
0.000280361
0
0
0
0
0
0
0
0
0
0
0
0
0
0
0.0229347
0
0.00258946
0.00249169
0
0.00290731
0
0
0.042319
0.00743412
0.00510046
0.0671809
0.00110276
0.00110276
0.00181473
0
0
0
0.0103542
0.000115783
0.000116701
0.00957738
0.0341289
0
0
0
0
0
0.0258264
0
0.00409489
0.143302
0.0921485
0.0100614
0.0448901
0.00409489
0
0
0
0.0335893
0
0
0
0
0.00539736
0
0.0273336
0
0
0.000313141
0
0
0.0103542
0.00981254
0.0146316
0
0.0456436
0.0348552
0.00107903
0
0
0
0.0124542
0.00351372
0.0592049
0.0125337
0.0171775
0.0407996
0.00428275
0.0252722
0.00351372
0.0541335
0.00487828
0.00639467
0.00351372
0
0
0.0149792
0.0148633
0.00338983
0.00327393
0.0181372
0.0105301
0
0.00232243
0.00165042
0
0
0
0.0155096
0
0
0
0.0212639
0
0.0133961
0.00044327
0
0
0
0.00654828
0
0.00288095
0
0
0
0
0
0
0
0
0
0
0
0
0
0
0
0.0620251
0
0.0211413
0.00326384
0.000276744
0.000276744
0.000276744
0.000276744
0.000276744
0.0172104
0.000276744
0.000276744
0.0103271
0
0.0540598
0.0640872
0.00948013
0.00355991
0.00740692
0.0199706
0.00557156
0.00557156
0.00950504
0.00557156
0.00557156
0.00557156
0.0141643
0.00557156
0.103894
0.0583861
0.0091522
0.0261723
0.0100115
0.0328415
0.00630635
0.0181055
0.0130503
0.00557156
0.0236287
0.00557156
0.0199348
0.0315046
0.0329338
0.0273887
0.00557156
0.00660174
0.00848814
0.00557156
0.0158986
0.00779983
0.0451249
0.00557156
0.0280906
0.00557156
0
0
0.000369217
0
0
0
0
0
0
0
0
0
0
0
0
0
0
0
0
0
0
0
0
0.000165739
0
0
0
0
0
0
0
0
0.000369217
0
0
0
0
0.00538389
0
0
0
0
0
0
0
0
0.000835375
0
0
0
0
0.00105182
0
0
0
0.012301
0.00558709
0
0
0
0
0
0
0
0
0
0
0
0
0
0
0
0
0
0
0
0
0
0.00116986
0
0.00103775
0
0
0
0
0
0.0287696
0.00256406
0.000562961
0
0
0
0
0
0
0
0
0
0
0.0175076
0
0
0
0
0
0
0.000739872
0
0
0
0
0
0.0193791
0.0082652
0.00413958
0.0023286
0.00209829
0.0169616
0.00209829
0.0263825
0.00748218
0.00802917
0.0352057
0
0
0
0
0
0
0.0287894
8.09829e-005
8.09829e-005
8.09829e-005
8.09829e-005
8.09829e-005
8.09829e-005
8.09829e-005
8.09829e-005
8.09829e-005
8.09829e-005
8.09829e-005
8.09829e-005
8.09829e-005
8.09829e-005
8.09829e-005
8.09829e-005
8.09829e-005
8.09829e-005
8.09829e-005
8.09829e-005
8.09829e-005
8.09829e-005
8.09829e-005
8.09829e-005
8.09829e-005
8.09829e-005
0.000139253
0
0
7.98033e-005
7.98033e-005
7.98033e-005
7.98033e-005
7.98033e-005
7.98033e-005
7.98033e-005
7.98033e-005
7.98033e-005
7.98033e-005
7.98033e-005
7.98033e-005
7.98033e-005
7.98033e-005
7.98033e-005
7.98033e-005
7.98033e-005
7.98033e-005
7.98033e-005
0
0
0
0
0
0
0
0
0
0
0
0
0
0
0
0
6.65199e-005
0.00787668
0.00940559
0.0017063
0
0
0.0509236
0.0542498
0.0731564
0.0341657
0.00463859
0
0
0
0
0.0180718
0.0065628
0.000491222
0.00454973
0.0285587
0.000230782
0.000230782
0.00229487
0.000565528
0.0276566
0.0121221
0
0.00302905
0.00270383
0.0230875
0
0
0
0
0
0
0
0
0.0103271
0.0216322
0
0.0316894
0.0108617
0.000353544
0.0133097
0
0
0
0
0
0
0
0
0
0
0
0
0
0.0549713
0.00353823
0
0
0.00199558
0
0
0.00303341
0.0218087
0.00115606
9.20863e-005
9.20863e-005
9.20863e-005
9.20863e-005
9.20863e-005
9.20863e-005
9.20863e-005
0.0115216
0.000337311
8.95919e-007
8.95919e-007
8.95919e-007
8.95919e-007
8.98273e-007
0
0
0
0
0
0
0
0.00023024
0.000456152
0.000817936
0.00184019
0.000394879
5.5781e-005
0.0202699
5.45997e-005
5.45997e-005
0.00139143
0.00673342
0.076675
0.00124261
0
0
0
0
0
0
0.00643326
0.0111451
0.00424945
0.0107292
0.006701
0
0
0
0
0.0165978
0.0317471
0.0332611
0.00412863
0
0
0
0
0
0
0
0
0.00150682
0.0167445
0.00706818
0.000230304
0.000511608
0.0235811
0.000230304
0.0111283
0.0107604
0.00169546
0.00169546
0.000230304
0.000230304
0.000230304
0.00126048
0.00574741
0.0234003
0.000230304
0.000230304
0.0362861
0.00478653
0.0254904
0.00478653
0.00478653
0.0374049
0.00699336
0.0446503
0.00902663
0.00478653
0.0196498
0.00583199
0.00478653
0.0196498
0.00478653
0.00478653
0.00478653
0.00177383
0
0
0
0
0
0
0
