0: 158 -1
1: 180 181 -1
2: 202 -1
3: -1
4: 223 225 138 226 227 -1
5: -1
6: 298 -1
7: -1
8: -1
9: 329 330 331 -1
10: 340 341 342 343 344 345 346 347 348 349 350 351 352 353 354 355 356 357 358 359 360 361 362 363 364 -1
11: 372 378 392 -1
12: 0 150 43 151 152 153 154 155 156 157 445 -1
13: 451 452 453 -1
14: 0 469 -1
15: 473 -1
16: 482 483 -1
17: 378 392 -1
18: -1
19: 557 -1
20: -1
21: 567 -1
22: 0 469 -1
23: 587 588 589 591 -1
24: 592 -1
25: -1
26: 648 -1
27: 0 36 653 654 655 656 657 658 659 660 661 662 663 664 665 666 8 667 668 669 87 670 671 672 -1
28: 4 679 680 681 682 683 684 685 686 -1
29: -1
30: 694 695 696 697 698 699 700 701 702 703 704 705 706 707 708 709 710 711 712 298 713 40 714 715 716 717 718 719 720 721 722 723 724 725 726 727 728 729 730 731 732 733 734 735 736 737 738 739 740 741 742 743 744 1 745 746 747 748 749 -1
31: 750 -1
32: 751 752 753 754 755 -1
33: -1
34: 757 758 759 760 761 762 763 -1
35: 774 -1
36: 797 -1
37: 60 844 845 846 847 138 848 849 850 851 852 853 854 855 856 857 858 19 859 860 -1
38: -1
39: 871 872 873 874 875 876 877 878 879 880 881 882 883 884 885 886 887 888 889 890 891 892 893 894 895 896 897 898 899 900 901 902 903 904 905 906 907 908 909 910 911 912 913 914 915 916 917 918 919 920 921 922 923 924 925 926 927 928 929 930 931 932 933 934 935 936 937 938 939 940 941 942 943 944 945 946 947 948 949 950 951 -1
40: 953 954 955 956 957 958 959 960 961 962 963 964 965 966 967 968 969 -1
41: 1011 -1
42: -1
43: 12 1054 -1
44: 1063 -1
45: 1074 -1
46: -1
47: 1136 -1
48: 1160 1161 -1
49: -1
50: 874 1205 873 1206 879 880 1207 1208 1209 876 877 878 1210 1211 1212 1213 897 1214 1215 1216 1217 1218 900 903 904 1219 1220 1221 1222 1223 1224 1225 1226 1227 1228 1229 1230 1231 1232 1233 1234 1235 1236 1237 1238 1239 1240 1241 1242 1243 1244 1245 1246 1247 1248 1249 1250 1251 1252 1253 1254 1255 1256 1257 1258 1259 1260 1261 1262 1263 1264 1265 1266 1267 1268 1269 1270 1271 -1
51: 1280 -1
52: -1
53: 1337 453 -1
54: -1
55: 1371 1372 1373 1374 1375 1376 1377 1378 1379 1380 -1
56: -1
57: 1397 1398 1399 1400 1401 1402 1403 1404 1405 1406 1407 1408 1409 1410 1411 1412 1413 1414 1415 1416 1417 1418 1420 1421 1422 1424 1425 1426 1427 1428 1429 1430 1431 1432 1433 1434 -1
58: 1460 -1
59: 1466 -1
60: 1491 1492 1493 1494 1495 1496 1497 1498 1499 1500 1501 1502 1503 1504 1505 1506 1507 1508 1509 1510 1511 1512 1513 1514 1515 1516 1517 1518 1519 1520 1521 1522 1523 1524 1525 1526 1527 1528 1529 1530 1531 1532 1533 1534 1535 1536 1537 1538 1539 1540 1541 1542 1543 1544 1545 1546 1547 1548 1549 1550 1551 1552 1553 1554 1555 1556 1557 1561 1564 -1
61: 1605 1606 1607 1608 1609 1610 1611 1612 1613 1614 11 1615 1616 1617 -1
62: 648 1620 1621 1622 -1
63: -1
64: -1
65: -1
66: 1672 -1
67: 1679 1681 1682 1685 1686 1687 1688 1689 1690 1691 54 1692 1693 1694 1695 1696 1697 1698 1699 1700 1701 1702 1703 1366 1704 1705 1706 1707 1708 1709 1710 1711 1712 1713 1714 1715 1716 1717 1718 1719 1720 1721 1722 1723 745 46 1724 1725 1726 11 1727 849 1728 1729 1730 1731 1732 1733 1734 1735 1736 1737 1738 1739 1740 1741 1742 1743 1744 1745 1746 1747 1748 1749 1750 1751 1752 1753 1754 1755 1756 1757 1758 1759 1760 1761 1762 1763 1764 1765 1766 1767 1768 1769 1770 1771 1772 1773 1774 1775 1776 1777 1778 1779 1780 1781 1782 1783 1784 1785 1786 1787 1788 1789 1790 1791 1792 1793 1794 1795 1796 1797 1798 1799 1800 1801 1802 1803 1804 149 1805 1806 1807 1808 1809 1810 1811 1812 1813 1814 1815 1816 1817 1819 1820 1821 1822 1823 1824 1825 1826 1827 1828 666 1829 1830 1831 1832 1833 1834 1835 1836 1837 1838 1839 668 1840 1841 1842 1843 1844 1845 1846 1847 1848 1849 1850 1851 1852 1853 1854 1855 1856 1857 1858 1859 1860 1861 1862 1863 1864 1865 1866 1867 1868 1869 1870 1871 1872 1873 1874 1875 1876 1877 1878 1879 1880 1881 1882 1883 -1
68: 797 -1
69: 1891 1892 1893 1894 1895 1896 1897 1898 1714 1899 1728 1900 1901 1902 1903 1904 1905 1906 1907 1908 1909 1910 378 1911 1679 1912 1913 54 1914 1915 1916 1917 1918 1919 1920 1921 1922 1923 1924 1925 1926 1927 1928 1929 1930 1931 1932 46 -1
70: 1933 1934 1935 1937 1938 1955 1956 1957 1958 -1
71: 1959 -1
72: -1
73: -1
74: 2016 -1
75: 2018 -1
76: 2026 2027 2028 2029 2030 -1
77: 2031 -1
78: 2033 2040 1719 2041 101 2042 2043 2044 2045 2046 2047 2048 2053 2054 -1
79: 2057 567 1161 2058 -1
80: 2079 -1
81: 2108 -1
82: 2108 -1
83: 2112 1899 -1
84: 2134 -1
85: 158 -1
86: -1
87: -1
88: 49 2166 -1
89: 2172 2173 2174 2175 -1
90: -1
91: -1
92: 2209 2210 2211 2212 2213 2217 2218 2219 2220 2221 2222 2223 2224 2225 2226 2231 -1
93: 2240 2241 16 2242 2243 2244 2245 2246 120 2247 2248 2249 19 2250 852 15 2251 2252 2253 2254 2255 2256 2257 2258 2259 2260 2261 849 2262 2263 2264 2265 2266 2267 2268 2269 2270 2271 2272 2273 2274 2275 2276 2277 2278 2279 2280 2281 2282 2283 2284 2285 2286 2287 2288 2289 2290 2291 2292 2293 2294 2295 2296 2297 2298 2299 2300 2301 2302 2303 2304 2305 2306 2307 2308 34 2309 2310 2311 2312 2313 2314 2315 2316 2317 2318 2319 2320 281 2321 2322 2323 2324 2325 2326 2327 2328 2329 2330 2331 2332 2333 672 2334 2335 2336 -1
94: 2339 -1
95: 2340 -1
96: 2341 -1
97: 2347 -1
98: 2363 2364 2365 2366 2367 2368 2369 2370 2371 2372 2373 2374 2375 2376 2377 -1
99: 2390 2391 2392 2393 2394 2395 2396 2397 2398 2399 -1
100: 2400 -1
101: -1
102: -1
103: 2418 -1
104: 2421 2422 2423 2424 2425 2426 2427 2428 2429 -1
105: -1
106: 2432 2433 -1
107: 2449 -1
108: 2472 2473 2474 2475 2476 2477 2478 2479 2480 -1
109: 2483 2484 -1
110: 2507 2508 2509 2510 2511 2512 2513 -1
111: 2518 -1
112: 2520 2522 2525 2527 -1
113: 2528 2529 2530 2531 2532 -1
114: -1
115: 2546 -1
116: 2550 2554 2555 2556 2557 1688 2558 2559 2560 2561 2562 2563 2564 2565 2566 2567 2568 2569 2570 -1
117: 2571 2572 2573 2574 2575 2576 2577 2578 2579 2580 2581 2582 2583 2584 2585 2586 2587 2588 2589 2590 2591 2592 2593 2594 2595 2596 2597 2598 2599 2600 2601 2602 2603 2604 2605 2606 2607 2608 2609 2610 2611 2612 2613 2614 2615 2616 2617 2618 2619 2620 2621 2622 2623 2624 2625 2626 2627 2628 2629 2630 2631 2632 2633 2634 2635 2636 2637 2638 2639 2640 2641 2642 2643 2644 2645 2646 2647 2648 2649 2650 2651 2652 2653 2654 2655 2656 2657 2658 2659 2660 2661 2662 2663 2664 2665 2666 2667 2668 2669 2670 2671 2672 2673 2674 2675 2676 2677 2678 2679 2680 2681 2682 2683 2684 2685 2686 2687 2688 2689 2690 2691 2692 2693 -1
118: 2697 -1
119: 2704 2705 2243 2706 2707 -1
120: -1
121: -1
122: 2739 2747 2748 2749 2750 2751 2752 2756 2757 2758 2759 2761 2762 2763 2764 2774 2781 2782 2783 -1
123: 2800 567 -1
124: -1
125: 2816 2817 2818 2819 2820 2821 867 2822 2823 2824 113 2825 2826 2827 2828 2829 2830 2831 2832 2833 2834 2243 2835 2836 2269 0 2837 2331 2838 2839 2840 2841 700 2842 2843 2844 2845 2846 2847 2848 2849 2850 -1
126: 2852 1688 2853 2854 2855 20 2856 2857 2858 2859 2860 2861 2862 2863 2864 2865 2866 2867 2868 2869 2870 2871 2872 2873 2874 2875 2876 2877 2878 2879 2880 2881 2882 2883 2884 2885 2886 2887 2888 2889 2890 2891 2892 2893 2894 2895 2896 2897 2898 2899 2900 2901 2902 2903 2904 2905 2906 2907 2908 2909 2910 2911 2912 2913 2914 2915 731 2916 2917 2918 2919 2920 2921 2922 2923 2924 2925 2926 2927 2928 2929 2930 2931 2932 2933 575 2934 2935 2936 2937 2938 2939 2940 2941 2942 2943 2944 2945 2946 2947 2948 2949 2950 2951 2952 2953 2954 2955 2956 2957 2958 2959 2960 2961 2962 2963 2964 2965 2331 2966 2967 2968 2969 2970 2971 2972 2973 2974 2975 2976 2977 2978 2979 2980 2981 2982 2983 2984 2985 118 2986 2987 2988 2989 2990 2991 2992 2993 1717 2264 2994 2995 2996 2997 2998 2999 3000 3001 565 3002 3003 -1
127: 3005 3006 3007 3008 3009 3010 3011 3012 3013 3014 3015 3016 3017 3018 3019 100 3020 740 3021 3022 3023 3024 3025 3026 -1
128: 1489 3028 3029 3030 3031 3032 3033 -1
129: 3036 -1
130: 3037 -1
131: 3040 3037 -1
132: 3042 -1
133: 3043 3044 3046 3048 3049 3050 3051 3052 3053 3054 3055 3056 3057 3058 3059 3060 3061 3062 3063 3064 3065 3066 -1
134: 3111 3112 3113 -1
135: 36 8 664 662 658 655 665 657 656 663 668 671 666 667 659 3115 669 653 87 654 3116 670 0 661 3117 3118 3119 3120 3121 3122 3123 3002 3003 -1
136: -1
137: 3168 3169 3171 -1
138: 3177 3178 -1
139: 3183 -1
140: -1
141: 3205 3206 3207 3208 3209 3210 3211 3212 3213 3214 453 -1
142: -1
143: 3255 3259 3261 -1
144: 3265 3266 3267 3268 3269 3270 -1
145: 3271 3272 -1
146: 3282 3283 3284 -1
147: 3328 3329 3330 3331 -1
148: 3332 2040 3333 3334 3335 3336 3337 3338 3339 3340 3341 3342 3343 3344 3345 3346 3347 3348 3349 3350 3351 3352 3353 3354 3355 3356 3357 3358 3359 3360 728 3361 3362 145 3363 3364 3365 3366 3367 3368 3369 3370 3371 3372 3373 3374 3375 3376 3377 3 3378 1829 1734 3379 3380 3381 3382 2253 3383 3384 3385 3386 3387 3388 3389 3390 3391 3392 3393 3394 3395 3396 3397 3398 3399 3400 3401 3402 3403 4 867 745 3404 3405 3406 3407 3408 3409 3410 758 3411 117 3412 3413 3414 3415 3416 3417 3418 3419 3420 3421 3422 3423 3424 3425 3426 3427 3428 3429 3430 3431 3432 3433 139 3434 3435 3436 849 3437 3438 3439 3440 3441 3442 3443 3444 1688 3445 3446 3447 3448 3449 -1
149: -1
150: -1
151: -1
152: -1
153: 581 -1
154: 1088 -1
155: -1
156: -1
157: -1
158: -1
159: 2319 -1
160: -1
161: 42 2282 3384 2876 2906 1796 667 2987 1088 731 867 510 2936 3441 36 1717 2878 740 150 25 3448 -1
162: 3 1687 1732 1710 150 1375 682 -1
163: 1573 -1
164: 1573 -1
165: 1573 -1
166: 8 664 662 658 655 665 663 671 666 667 659 3115 669 87 654 657 653 660 670 0 661 -1
167: 2077 0 42 1817 2899 49 45 758 867 2084 36 2831 1726 -1
168: 2831 1375 1054 1812 1719 679 594 142 849 150 -1
169: 150 -1
170: 11 2907 12 1711 745 758 1725 1717 594 1726 728 150 3350 1739 -1
171: 867 150 1810 1735 1717 160 -1
172: 0 4 847 -1
173: 0 -1
174: 2243 0 669 -1
175: 150 -1
176: 0 1701 -1
177: 2518 1817 34 1643 2887 150 2264 -1
178: 648 758 1900 46 12 2899 1366 1810 2987 1006 1822 1373 150 1926 2172 2915 26 3414 1923 867 117 1717 1027 1192 -1
179: 150 -1
180: -1
181: -1
182: 1856 3168 1 -1
183: 1 -1
184: 1777 1 2329 -1
185: 1721 3 119 1 660 1754 599 13 87 668 2987 1687 2617 3377 700 745 40 758 856 1731 847 16 1701 100 2308 49 5 2272 1688 -1
186: 1 3 -1
187: 1 1054 1857 2909 1756 3411 1848 -1
188: 1701 117 202 730 736 4 2861 758 298 281 3 1 -1
189: 1856 1 -1
190: 1 -1
191: 1 -1
192: 1 -1
193: 1 -1
194: 1930 1366 1 -1
195: 847 19 1701 223 4 730 49 79 2329 35 2308 3179 758 2935 63 2277 16 1 -1
196: 1 -1
197: 1 1777 -1
198: 1704 1 1714 -1
199: 847 1 -1
200: 1 -1
201: 1 -1
202: -1
203: 1701 117 2 730 736 4 2861 758 298 281 3 733 745 671 2831 849 1932 2614 2042 695 1709 -1
204: 1711 35 4 2 3 695 2943 -1
205: 2 207 3002 3003 -1
206: 2084 2907 1719 2 672 -1
207: 2 672 -1
208: 1754 3345 1711 2882 223 1719 2 4 847 758 3179 1735 700 3 1371 3372 65 695 1709 2943 733 745 849 1932 1774 1891 -1
209: 3377 1801 2928 729 2984 2985 3359 1763 1726 1932 1903 122 184 2339 449 2896 7 668 2831 2 2861 13 6 2943 969 -1
210: 3396 44 3015 2315 3437 117 661 740 3 100 -1
211: 3370 3 2861 44 -1
212: 1735 2985 700 3 -1
213: 3 -1
214: 44 3 -1
215: 3 2943 1688 718 3020 -1
216: 705 -1
217: 740 3358 2243 745 3 729 100 731 -1
218: 3437 740 3 661 2861 658 1735 2885 2985 2295 3429 281 2053 1721 298 -1
219: 3 100 -1
220: 3 2295 1735 672 -1
221: 3 -1
222: 1933 1934 1935 -1
223: 4 226 -1
224: 223 225 138 226 227 -1
225: -1
226: -1
227: -1
228: 223 225 226 227 -1
229: 223 225 226 227 -1
230: 223 225 226 227 -1
231: 223 225 226 227 -1
232: 223 225 226 -1
233: 223 225 226 227 -1
234: 223 225 226 227 -1
235: 223 225 226 227 -1
236: 223 225 226 227 -1
237: 223 225 138 226 227 -1
238: 1765 1891 1899 1725 4 -1
239: 4 226 -1
240: 4 12 1930 -1
241: 12 1725 4 -1
242: 12 4 -1
243: 60 43 848 849 856 4 2264 2523 180 847 12 -1
244: 223 225 138 226 227 -1
245: 1774 1850 4 3358 -1
246: 758 849 4 -1
247: 16 4 -1
248: 4 226 -1
249: 150 4 -1
250: 4 -1
251: 867 1731 4 -1
252: 4 -1
253: 1719 2831 1754 2943 679 671 72 4 3354 1735 -1
254: 1814 758 849 4 744 -1
255: 2172 49 1756 4 -1
256: 4 661 1730 657 6 49 1701 730 1802 -1
257: 728 4 -1
258: 682 4 -1
259: 4 -1
260: 223 225 226 227 -1
261: 72 4 -1
262: 4 -1
263: 4 226 -1
264: 223 225 226 227 -1
265: 142 3116 1754 1 1728 3115 3168 1899 1828 4 661 1711 1730 1856 1891 -1
266: 223 225 -1
267: 743 3383 1763 4 35 26 1735 723 758 2040 2309 2295 60 -1
268: 4 -1
269: 4 -1
270: 1850 4 2878 -1
271: 2943 3352 4 745 1744 748 702 -1
272: 4 12 758 -1
273: 1375 680 1900 1817 1714 867 4 -1
274: 2713 4 -1
275: 2376 117 9 2264 1372 758 4 2989 1804 2842 2243 -1
276: 4 226 -1
277: 4 -1
278: 4 1891 -1
279: 1323 4 -1
280: 1719 1711 441 2704 9 281 1717 150 2334 1489 4 1891 849 2340 -1
281: 2987 2053 2054 -1
282: 26 758 45 49 847 3443 1777 5 114 145 2878 672 -1
283: 1688 62 1897 1733 2906 1817 849 2831 867 2987 2899 49 3403 12 1466 2275 1900 2243 2887 88 117 2988 5 -1
284: 138 5 1926 743 -1
285: 2878 145 1777 3443 114 26 49 45 758 847 5 282 3002 3003 -1
286: 0 73 49 1900 1711 331 5 1926 743 1661 138 867 1923 3403 2989 25 1927 2243 1735 2943 1371 3336 3429 3443 2913 1009 117 1162 2875 2879 847 745 45 2252 666 2319 3 1790 145 2909 -1
287: -1
288: 1711 3115 1810 1851 2172 321 5 1371 -1
289: 5 1371 1688 1711 -1
290: 2854 758 1732 26 1717 1817 1900 2264 3403 70 679 5 16 2262 856 3431 847 2070 2292 2242 2308 2252 3179 -1
291: 16 1711 42 1719 1851 2172 2265 5 2296 49 1926 2310 3429 3031 139 849 1717 -1
292: 856 42 2110 26 847 2987 49 2276 2252 45 3179 16 2269 331 2856 2857 1717 281 72 3354 2879 1817 2889 2904 2905 2947 1925 2935 2969 2899 2995 11 671 2172 5 1371 -1
293: 758 72 -1
294: -1
295: 2110 3386 3389 1688 2906 2283 2875 79 1817 2899 2276 2310 1900 2330 2887 849 3418 2281 2918 2243 2964 88 2973 2328 3445 2278 2282 3448 5 -1
296: 5 2247 -1
297: 847 2276 2330 2287 2245 849 5 -1
298: 6 301 2616 -1
299: 1752 3 2943 3016 100 666 1735 1704 1902 707 665 740 3429 697 36 3333 3368 3020 2042 3359 2040 700 3358 695 3183 -1
300: 298 -1
301: -1
302: 2885 3 700 6 -1
303: 3020 661 2943 1719 740 2885 -1
304: 1685 1752 666 2452 3 699 2885 1688 740 2456 3348 3429 2451 3370 719 2943 661 1735 3016 100 3015 2861 3367 3333 3183 1704 700 1754 2042 2468 658 2460 653 3341 3346 3349 3340 3353 1900 707 1724 6 281 107 733 730 -1
305: 100 2861 3017 1719 666 6 3429 2885 310 3002 3003 -1
306: 6 -1
307: 299 456 736 40 6 -1
308: 6 -1
309: 45 6 1719 666 1732 1688 2831 672 2334 -1
310: 1719 6 2861 666 2885 3017 3429 100 672 -1
311: 100 2861 3017 1719 666 6 3429 2885 -1
312: 695 3358 1763 697 2943 6 40 -1
313: 3 1375 2831 6 682 -1
314: 3 3429 2943 665 1735 658 6 3333 3340 -1
315: 1754 2943 6 1735 700 1719 -1
316: 6 -1
317: 666 100 700 1735 6 -1
318: 6 -1
319: 321 7 594 2704 -1
320: 7 -1
321: 7 -1
322: 2760 2821 2771 7 -1
323: 7 -1
324: 2771 2243 2760 321 7 -1
325: 117 4 7 1719 326 3002 3003 -1
326: 7 117 1719 672 -1
327: 1460 -1
328: 321 7 -1
329: -1
330: -1
331: -1
332: 16 2249 1777 24 3429 849 2256 9 3447 -1
333: 2899 758 9 1711 -1
334: 9 -1
335: 4 758 1744 9 -1
336: 4 59 2252 2243 49 2276 9 1817 1371 1900 12 758 -1
337: 122 1721 2882 4 63 223 758 2905 1714 9 3448 2878 -1
338: 53 1717 2863 62 49 1814 1900 1810 1817 758 1054 26 287 9 2242 2265 2249 2276 1719 -1
339: 72 758 847 138 2110 1701 9 16 2284 24 2256 2258 2245 2276 2265 2249 2322 2308 849 49 2275 2282 867 2242 2262 331 2899 1817 2973 62 -1
340: -1
341: -1
342: -1
343: -1
344: -1
345: -1
346: -1
347: -1
348: -1
349: -1
350: -1
351: -1
352: -1
353: -1
354: -1
355: -1
356: -1
357: -1
358: -1
359: -1
360: -1
361: -1
362: -1
363: -1
364: -1
365: 378 392 -1
366: 378 392 -1
367: 378 392 -1
368: 392 -1
369: 378 392 -1
370: -1
371: 372 392 -1
372: -1
373: 1930 392 -1
374: 378 392 -1
375: 378 392 -1
376: 378 392 -1
377: 392 -1
378: -1
379: 392 -1
380: 378 392 -1
381: 392 -1
382: 392 -1
383: 392 -1
384: 392 -1
385: 392 -1
386: 392 -1
387: 392 -1
388: 392 -1
389: 392 -1
390: 378 392 -1
391: 392 -1
392: 11 3258 3257 3256 3259 -1
393: 11 -1
394: 11 392 181 3260 -1
395: 11 392 181 3260 -1
396: 11 392 181 3260 -1
397: 11 -1
398: 11 392 181 -1
399: 11 392 181 -1
400: 11 392 181 -1
401: 1373 2243 2875 582 12 11 2172 1891 3168 1489 -1
402: 1711 2987 1371 1717 704 11 12 3271 117 3027 2054 2053 3115 2523 2561 1745 -1
403: 1460 1489 0 2334 3271 12 11 844 1930 181 2523 -1
404: 11 83 -1
405: 11 -1
406: 11 -1
407: 11 -1
408: 11 -1
409: 11 -1
410: 11 12 -1
411: 1930 1725 11 12 -1
412: 11 392 181 3260 -1
413: 11 392 181 3260 -1
414: 11 392 181 3260 -1
415: 378 392 -1
416: 392 -1
417: 11 -1
418: 12 11 1828 40 -1
419: 11 -1
420: 11 -1
421: 11 -1
422: 11 -1
423: 11 -1
424: 11 -1
425: 11 -1
426: 11 392 181 3260 -1
427: 11 -1
428: 11 -1
429: 648 49 11 1717 1814 -1
430: 12 11 758 1899 -1
431: 2172 11 12 -1
432: 11 -1
433: 11 -1
434: 11 -1
435: 11 -1
436: 11 392 181 3260 -1
437: 11 392 181 3260 -1
438: 11 392 181 -1
439: 11 -1
440: 1891 3168 392 -1
441: -1
442: 1719 -1
443: 1719 -1
444: 1719 -1
445: -1
446: -1
447: 3348 453 -1
448: 453 -1
449: -1
450: 452 1829 3 3397 1847 2243 1687 456 745 40 758 26 660 -1
451: 13 -1
452: -1
453: -1
454: 453 -1
455: 1460 453 -1
456: -1
457: 13 2831 -1
458: 1373 702 13 447 -1
459: 13 460 3002 3003 -1
460: 13 672 -1
461: 13 -1
462: 3333 3 3429 679 13 3410 3375 594 728 731 745 12 1727 3350 46 -1
463: 1923 1735 661 867 3367 748 3020 2280 13 655 1371 3015 3363 1719 -1
464: 117 1754 13 1719 2956 4 1717 49 2255 2935 1900 3403 -1
465: 666 2711 2943 13 2861 1704 40 49 -1
466: 13 -1
467: 745 593 100 1685 1371 44 1857 13 1790 1737 733 668 36 1460 2334 -1
468: 666 13 -1
469: -1
470: 0 469 -1
471: 0 469 -1
472: 0 469 -1
473: -1
474: 15 -1
475: 79 -1
476: 2240 2319 2266 2320 2264 2289 19 2307 2283 2312 2323 2243 2249 2272 2260 2317 2265 2247 2313 2254 2284 2271 2286 849 2308 2302 2288 2242 2263 2296 2291 281 2304 2251 2331 2314 2292 2276 2318 2310 2252 2329 2299 2255 2303 2257 852 2305 2270 2325 2259 2330 2273 2311 2253 2274 2287 2275 2298 2295 2290 2241 2322 2324 2248 2281 120 2279 2245 2301 2321 2309 2277 2297 2258 2327 2300 2293 2246 2315 2326 2256 2267 2244 2294 2261 2328 2262 2285 2333 2316 2269 34 15 16 2268 2250 2280 2332 2278 2306 2282 93 3002 3003 -1
477: 15 -1
478: 2242 2275 24 2265 2249 2259 849 1817 758 2277 2245 15 2276 2322 2262 1701 2885 2309 2985 -1
479: 473 15 -1
480: 482 -1
481: 483 -1
482: -1
483: 2340 -1
484: 2246 16 867 2317 2110 1900 2265 24 2243 2286 2242 849 2275 2322 2277 2256 -1
485: 3439 1748 1810 16 2110 2272 2265 24 2263 2275 867 2322 2245 2277 1371 2256 847 856 745 3179 -1
486: 483 -1
487: 12 149 1719 1375 16 758 849 2110 -1
488: 666 2878 2984 2990 1371 16 25 847 3420 691 745 849 758 -1
489: 16 -1
490: 483 -1
491: 1371 2172 1891 16 181 2831 -1
492: 16 1688 867 483 2831 3442 1754 3208 1719 1711 1371 2264 2987 1053 1814 281 3291 2243 -1
493: 1845 2986 1719 2251 2281 1717 1900 52 2264 378 2989 88 3442 83 2371 1692 1851 758 1727 16 1714 2331 648 3410 1814 -1
494: 2246 16 867 2317 2110 1900 2265 24 2243 2286 2242 849 2275 2322 2277 2256 -1
495: 2760 1371 1806 2243 1711 867 4 16 849 321 1373 1900 2987 1810 12 1970 1754 3419 2264 1489 1460 1731 965 0 2861 3020 -1
496: 1897 723 3 1901 1902 2987 745 16 2040 11 1899 1728 71 1930 1900 2273 1774 719 2885 1891 2861 2309 740 739 -1
497: 16 -1
498: 16 -1
499: 16 -1
500: 1933 1934 1935 1955 1956 1957 1958 -1
501: 16 19 2265 24 2263 2275 2281 2245 2277 1371 2256 -1
502: 16 2110 2865 1701 1851 2243 49 24 114 26 45 281 -1
503: 2256 2310 2276 16 -1
504: 2243 4 1711 16 849 321 1489 181 2523 -1
505: 483 -1
506: 16 -1
507: 849 510 679 847 1371 223 294 16 1719 758 1817 2935 2971 2899 -1
508: 867 3403 1711 3115 2243 1774 3031 1891 16 745 28 1 1714 2885 1814 1900 3 2774 -1
509: 1661 2284 16 24 2269 2275 2277 1371 86 281 2887 -1
510: 1460 1489 2987 849 16 -1
511: 758 849 16 -1
512: 16 26 2249 1777 114 2243 758 849 847 2279 2262 -1
513: 16 2331 3031 3208 2986 24 1054 2296 3441 2989 2256 2329 -1
514: 847 1701 1006 2843 1754 16 1489 -1
515: 59 1891 392 -1
516: 392 -1
517: 378 392 -1
518: 392 -1
519: 392 -1
520: 392 -1
521: 378 392 -1
522: 392 -1
523: 392 -1
524: 392 -1
525: 392 -1
526: 378 392 -1
527: 1466 -1
528: 392 -1
529: 392 -1
530: 378 392 -1
531: 392 -1
532: 392 -1
533: 392 -1
534: 392 -1
535: 378 392 -1
536: 392 -1
537: 392 -1
538: 392 -1
539: 392 -1
540: 392 -1
541: 392 -1
542: 392 -1
543: 392 -1
544: 392 -1
545: 392 -1
546: 392 -1
547: 392 -1
548: 550 -1
549: 18 556 -1
550: 18 -1
551: 18 -1
552: 18 556 -1
553: 18 -1
554: 18 -1
555: 18 -1
556: 18 -1
557: -1
558: 2899 1817 19 2932 -1
559: 2240 2319 2266 2320 2264 2289 19 2312 2307 2283 2323 2243 2249 2272 2260 2317 2254 2265 2247 2313 2284 2271 2286 849 2308 2302 2288 2242 2263 2296 2291 281 2251 2331 2314 2292 2276 2318 2252 2310 2329 2304 2299 2255 2303 2257 852 2270 2325 2259 2330 2273 2311 2253 2274 2287 2275 2298 2295 2290 2241 2322 2324 2248 2281 120 2279 2245 2301 2321 2246 2309 2277 2297 2258 2300 2327 2293 2315 2326 2256 2267 2244 2305 2294 2261 2328 2262 2285 2333 2316 2269 34 15 16 2268 2280 2332 2278 2306 2282 2250 -1
560: 2874 2876 2882 2984 2992 117 2887 19 1717 49 2084 2110 1817 114 2899 2329 758 2922 2936 2973 62 -1
561: 1829 2887 2876 20 -1
562: 648 26 49 3443 40 2269 1701 847 867 25 2331 2879 2864 2906 59 1732 2084 2339 679 20 45 710 2860 758 12 79 2881 -1
563: 1933 1934 1935 1955 1956 1957 1958 -1
564: 2376 20 -1
565: 2875 731 2942 2906 2935 2894 2899 2882 2889 2968 2954 2961 2856 2900 2895 2964 2985 2878 2936 2855 2905 2874 2859 2876 2914 2979 2887 2973 2918 2901 2913 2892 2879 2980 2864 2971 2852 2992 2930 1717 2951 2932 2903 2938 2922 2911 2994 2920 2907 2988 2984 2945 2854 2989 2963 2912 2888 2957 2863 2264 2871 2956 2966 2858 2917 2934 2860 2969 2880 2873 2947 2909 2886 2993 20 2923 2910 2893 2939 2960 2959 2974 2921 2991 2926 2972 2925 2898 2967 2902 2982 2331 2872 2948 2896 575 2908 2885 2965 2946 2941 2933 2975 2929 2970 2949 2958 2995 2916 2891 2904 2857 2976 2881 2953 2990 2862 2950 1688 2943 2861 2981 2870 2853 2940 2919 2924 2944 2937 2884 2952 2987 2877 2869 2890 2977 2867 2928 2955 2931 2915 2962 2986 2927 2897 2978 2866 2865 2868 2883 118 2983 672 -1
566: 117 20 49 -1
567: 867 -1
568: 378 117 21 1814 2987 2243 1371 2831 1900 1719 582 1930 12 2523 -1
569: 117 21 583 2831 1814 281 -1
570: 21 -1
571: 281 117 21 -1
572: 1719 1754 2831 3409 2366 2373 2379 1679 1814 3115 1371 1930 12 2243 2523 54 21 1703 1717 -1
573: 1763 149 1913 113 21 98 2536 1367 1722 2878 2909 53 672 -1
574: 1763 113 2536 2909 2878 1367 53 21 98 1913 1722 573 3002 3003 -1
575: 98 21 1460 -1
576: 117 1725 1891 21 98 695 -1
577: 21 -1
578: 2264 1719 2831 672 -1
579: 2373 1679 46 98 698 1374 1897 1763 719 1712 149 2878 1696 1904 2915 1710 1932 1703 2264 2907 21 -1
580: 1814 1371 2831 21 2943 1688 46 2264 -1
581: 1814 1719 21 -1
582: -1
583: -1
584: 117 21 2831 1719 46 98 -1
585: 0 469 -1
586: 0 469 -1
587: -1
588: -1
589: -1
590: 591 -1
591: -1
592: -1
593: 3456 3376 3409 3 3379 3381 1735 2878 734 3386 3388 2243 3389 3393 3394 2868 3396 3412 1796 2883 867 2898 2908 707 731 2264 2885 3413 2928 2270 3414 2253 3418 3419 3421 3424 3430 3436 3431 3433 3439 3442 3444 1688 3445 2861 1806 3448 3377 1717 2254 2331 79 3404 24 3429 3403 2329 2943 149 3427 100 1763 1814 2985 3443 3020 1721 699 718 95 2453 1699 666 2831 3367 3346 3372 3365 3350 3373 710 281 3336 1053 6 661 1719 2896 3335 665 1704 107 3341 3333 3349 3343 3370 3345 3347 3348 3351 3354 658 2907 2295 1754 2711 1733 3383 1727 3415 3375 3360 3397 145 3363 2040 2450 139 3183 729 728 1465 667 -1
594: -1
595: 24 -1
596: 1711 3115 3 2296 1371 24 1489 -1
597: 1366 728 1850 1856 1054 3430 3386 3422 2973 2936 3438 3427 648 849 4 1810 24 2989 3 -1
598: 24 594 62 648 1748 1725 849 4 -1
599: 1735 666 2943 1853 3403 1711 24 1719 2331 3 3429 3370 2264 700 2885 1756 2830 2831 1763 1371 100 -1
600: 1719 1923 1817 25 -1
601: 2906 2895 25 2918 2926 2835 -1
602: 1933 1934 1935 1955 1956 1957 1958 -1
603: 2899 25 1923 2282 2876 1719 149 1927 1925 2831 2887 2942 -1
604: 618 25 1754 2987 117 2831 -1
605: 1009 845 88 25 -1
606: 2913 845 25 88 -1
607: 11 25 -1
608: 25 117 -1
609: 171 1688 1733 25 2243 867 2309 2241 1377 1900 1378 648 1891 3168 4 0 -1
610: 88 845 867 25 1926 2243 -1
611: 2875 2923 1701 656 2879 26 1719 3367 867 2905 49 25 -1
612: 2887 2935 648 25 -1
613: 3 2899 2875 1711 1905 25 -1
614: 1926 3179 25 691 867 2252 1009 49 2243 -1
615: 2899 25 2875 758 12 2271 2831 117 -1
616: 2243 1009 3403 25 2252 88 117 -1
617: 1774 3168 11 758 1856 849 1366 2110 3377 4 2899 2905 510 25 -1
618: 25 -1
619: 845 25 -1
620: 2270 25 1006 -1
621: 25 2936 3415 -1
622: 758 510 849 2110 25 4 1930 2875 12 -1
623: 845 679 2542 25 -1
624: 25 -1
625: 867 1842 1900 2329 2989 2875 2894 25 1925 1719 1688 2714 2264 2831 2965 1371 119 2243 3354 49 45 2278 758 1726 2077 1009 42 3032 2943 -1
626: 1721 1719 25 666 867 -1
627: 25 -1
628: 1378 1377 648 758 2899 1899 1905 1452 12 11 25 62 -1
629: 758 25 2973 2936 2899 -1
630: 1817 25 -1
631: 758 3443 25 2243 2875 2989 -1
632: 2831 2921 25 -1
633: 618 25 2987 2331 -1
634: 25 45 -1
635: 25 758 1817 53 2973 1719 2888 2936 -1
636: 2887 1817 2935 648 25 -1
637: 2857 25 -1
638: 0 3 2301 758 114 1711 2310 40 36 669 659 655 49 25 2243 1719 1848 4 1812 2943 3183 867 700 1925 2831 3379 1817 2901 79 -1
639: 1688 25 -1
640: 758 681 1009 1673 849 25 -1
641: 49 2986 2950 2831 2860 25 117 2281 1454 1719 758 1717 1009 2965 2479 -1
642: 3379 25 -1
643: 0 3403 25 1926 -1
644: 1900 1920 2879 867 138 2243 847 3336 -1
645: 707 25 1719 171 -1
646: 847 1925 2906 62 4 745 691 2974 1375 3354 758 3291 2264 510 3403 2281 40 2846 1900 648 2973 1754 25 -1
647: 648 -1
648: -1
649: 648 -1
650: 672 -1
651: 2334 672 -1
652: 2334 672 -1
653: -1
654: -1
655: -1
656: -1
657: -1
658: -1
659: 2831 26 0 36 -1
660: 3116 -1
661: -1
662: -1
663: -1
664: -1
665: -1
666: -1
667: -1
668: -1
669: -1
670: -1
671: -1
672: -1
673: 1883 668 3397 2943 672 2334 -1
674: 2329 672 -1
675: 666 672 -1
676: 2339 1904 736 1371 298 672 2334 -1
677: 672 2334 -1
678: 2042 33 672 -1
679: 2376 -1
680: -1
681: -1
682: 681 -1
683: -1
684: -1
685: -1
686: -1
687: 28 150 12 -1
688: 28 150 1711 -1
689: 29 -1
690: 29 -1
691: -1
692: 1777 2831 682 1711 29 -1
693: 29 -1
694: -1
695: -1
696: -1
697: -1
698: -1
699: -1
700: -1
701: 2861 -1
702: -1
703: -1
704: -1
705: -1
706: 970 -1
707: -1
708: -1
709: -1
710: -1
711: -1
712: -1
713: -1
714: 713 731 1801 717 709 708 3429 3408 3379 -1
715: -1
716: -1
717: -1
718: -1
719: -1
720: -1
721: -1
722: -1
723: -1
724: -1
725: -1
726: -1
727: -1
728: -1
729: -1
730: -1
731: -1
732: -1
733: -1
734: -1
735: 1460 745 -1
736: -1
737: -1
738: -1
739: -1
740: -1
741: 85 -1
742: -1
743: -1
744: -1
745: -1
746: -1
747: -1
748: 181 -1
749: -1
750: -1
751: -1
752: -1
753: -1
754: -1
755: -1
756: 757 758 759 760 761 762 763 -1
757: -1
758: -1
759: -1
760: -1
761: -1
762: -1
763: 762 -1
764: 34 453 -1
765: 867 567 1829 1927 852 1923 2243 114 1925 1719 1717 2943 2942 49 2264 1900 2954 2875 1661 1371 1701 62 2331 1723 1006 2910 2974 3115 34 12 1814 680 682 2281 1711 847 2987 744 679 849 -1
766: 1817 2963 2878 -1
767: -1
768: 88 -1
769: 2863 2935 2963 -1
770: 3111 2274 668 142 845 1054 1856 3 34 60 -1
771: 1754 2831 1719 2281 4 1371 34 117 -1
772: 1054 487 3403 718 1735 137 90 661 679 34 453 -1
773: 758 1856 681 682 1009 1673 2905 2084 34 510 849 2110 25 4 2899 -1
774: -1
775: 0 646 1711 35 860 593 3456 672 -1
776: 0 646 35 860 -1
777: 0 -1
778: 35 745 1701 3333 727 726 702 1774 1891 3168 -1
779: 648 45 2084 26 35 -1
780: 1701 2243 847 2269 2879 79 35 1655 2330 88 45 -1
781: 35 -1
782: 1763 2110 1850 1812 728 35 4 1817 3414 3415 1726 2943 758 -1
783: 0 646 35 593 3456 860 1452 672 2334 -1
784: 730 35 3370 3016 1704 3 695 107 -1
785: 856 35 1850 -1
786: 2831 35 -1
787: 35 3 -1
788: 1735 1688 1719 702 701 35 -1
789: 3372 3368 3346 3350 3365 3373 3341 700 3 1754 3348 3370 3342 304 3349 3345 3354 3339 3355 3351 3357 3442 661 3416 2943 3428 3430 3396 2901 711 2711 731 2040 2309 3424 3420 745 728 107 35 730 145 2295 3367 1902 -1
790: 2241 26 1701 2269 49 2243 1914 1726 845 867 -1
791: 593 35 -1
792: 701 702 1728 35 745 -1
793: 0 646 593 1711 35 3456 202 860 -1
794: 1489 1711 1731 2831 1774 1891 3168 856 2110 35 1900 -1
795: 1754 1009 1719 2854 1717 2479 53 1852 35 745 -1
796: 1933 1934 1935 -1
797: -1
798: 797 -1
799: 797 -1
800: 797 -1
801: 797 -1
802: 797 -1
803: 797 -1
804: 797 -1
805: 2905 1701 49 1088 2831 36 1856 88 2243 -1
806: 797 -1
807: 797 -1
808: 797 -1
809: 797 -1
810: 797 -1
811: 797 -1
812: 797 -1
813: 797 -1
814: 3168 1891 -1
815: 797 -1
816: 797 -1
817: 797 -1
818: 797 -1
819: 223 40 3 117 298 2821 797 -1
820: 797 -1
821: 797 -1
822: 36 -1
823: 1829 2860 1717 1796 2329 79 2899 62 2922 149 2331 1719 36 710 -1
824: 2329 -1
825: 797 -1
826: 797 -1
827: 797 -1
828: 797 -1
829: 797 -1
830: 797 -1
831: 797 -1
832: 797 -1
833: 797 -1
834: 797 -1
835: 797 -1
836: 797 -1
837: 797 -1
838: 797 -1
839: 797 -1
840: 797 -1
841: 797 -1
842: 797 -1
843: 797 -1
844: -1
845: -1
846: -1
847: -1
848: 2172 3002 3003 -1
849: -1
850: -1
851: -1
852: -1
853: -1
854: -1
855: -1
856: -1
857: -1
858: -1
859: -1
860: -1
861: 88 -1
862: 2899 38 -1
863: 4 38 -1
864: 4 733 38 -1
865: 1688 867 38 72 12 1711 2264 2243 2989 0 2878 -1
866: 849 1899 38 -1
867: 2376 -1
868: 38 -1
869: -1
870: 2172 38 -1
871: -1
872: -1
873: -1
874: -1
875: -1
876: -1
877: -1
878: -1
879: -1
880: -1
881: -1
882: -1
883: -1
884: -1
885: -1
886: -1
887: -1
888: -1
889: -1
890: -1
891: -1
892: -1
893: -1
894: -1
895: -1
896: -1
897: -1
898: -1
899: -1
900: -1
901: -1
902: -1
903: -1
904: -1
905: -1
906: -1
907: -1
908: -1
909: -1
910: -1
911: -1
912: -1
913: -1
914: -1
915: -1
916: -1
917: -1
918: -1
919: -1
920: -1
921: -1
922: -1
923: -1
924: -1
925: -1
926: -1
927: -1
928: -1
929: -1
930: -1
931: -1
932: -1
933: -1
934: -1
935: -1
936: -1
937: -1
938: -1
939: -1
940: -1
941: -1
942: -1
943: -1
944: -1
945: -1
946: -1
947: -1
948: -1
949: -1
950: -1
951: -1
952: 876 -1
953: -1
954: -1
955: -1
956: -1
957: -1
958: -1
959: -1
960: -1
961: -1
962: -1
963: -1
964: -1
965: -1
966: -1
967: -1
968: -1
969: 40 -1
970: -1
971: 969 -1
972: 1777 969 -1
973: 969 -1
974: 105 969 -1
975: 969 -1
976: 969 -1
977: 1719 281 40 -1
978: 2274 1711 1754 1371 298 40 -1
979: 40 -1
980: 3370 969 -1
981: 969 -1
982: 969 -1
983: 953 954 955 956 957 958 959 960 961 962 963 964 965 966 967 968 969 -1
984: 969 -1
985: 2243 1725 83 40 1722 -1
986: 40 -1
987: 40 3397 -1
988: 1711 1724 11 12 3383 745 733 3429 1828 2885 40 1717 672 -1
989: 1774 1724 660 1836 1737 40 1726 1868 1782 3020 1735 666 -1
990: 969 -1
991: 3377 969 -1
992: 969 -1
993: 12 11 3383 733 1828 40 1717 1711 1000 3002 3003 -1
994: 2878 638 40 45 -1
995: 40 -1
996: 12 11 3383 1727 758 1726 46 1932 40 -1
997: 40 -1
998: 969 -1
999: 1814 3370 1754 40 3363 -1
1000: 12 11 733 1717 40 3383 1711 1724 1828 672 2334 -1
1001: 40 -1
1002: 969 -1
1003: 969 -1
1004: 969 -1
1005: 969 -1
1006: -1
1007: 40 -1
1008: 745 3429 1777 758 3420 40 658 1856 2985 1801 2295 -1
1009: -1
1010: 2473 2474 2475 2476 2477 2478 2479 2480 -1
1011: -1
1012: 2473 2474 2475 2476 2477 2478 2479 2480 -1
1013: 2472 2473 2474 2475 2476 2477 2478 2479 2480 -1
1014: 2473 2474 2475 2476 2477 2478 2479 2480 1011 -1
1015: 2473 2474 2475 2476 2477 2478 2479 2480 1011 -1
1016: 1011 2477 2473 2474 2475 2476 2478 2479 2480 -1
1017: 2473 2474 2475 2476 2477 2478 2479 2480 1011 -1
1018: 2472 2473 2474 2475 2476 2477 2478 2479 2480 -1
1019: 2472 2473 2474 2475 2476 2477 2478 2479 2480 1011 -1
1020: 2473 2474 2475 2476 2477 2478 2479 2480 1011 -1
1021: 1011 -1
1022: 2473 2474 2475 2476 2477 2478 2479 2480 1011 -1
1023: 2473 2474 2475 2476 2477 2478 2479 2480 1011 -1
1024: 2473 2474 2475 2476 2477 2478 2479 2480 1011 -1
1025: 2472 43 1711 12 11 1727 2473 2474 2475 2476 2477 2478 2479 2480 -1
1026: 2473 2474 2475 2476 2477 2478 2479 2480 1011 -1
1027: -1
1028: 2831 3409 3209 2110 -1
1029: 1719 1053 -1
1030: 867 2241 42 1027 1719 117 1727 88 -1
1031: 42 -1
1032: 1754 1033 2243 42 -1
1033: 2365 1900 -1
1034: 1162 290 1817 1923 1927 45 1688 1925 2281 867 117 2243 1701 114 88 42 2831 1719 1900 -1
1035: 42 2264 60 -1
1036: 42 2243 -1
1037: 42 79 867 1817 2241 3414 1006 2724 1719 2278 -1
1038: 2243 49 45 2831 42 -1
1039: 42 117 1719 -1
1040: 49 -1
1041: 42 1923 867 -1
1042: 1009 42 853 26 2899 49 45 758 -1
1043: 1717 2331 42 -1
1044: 648 42 -1
1045: 42 2731 2714 1688 -1
1046: 12 42 1927 1466 1925 2936 2973 1719 2968 2907 5 -1
1047: 758 849 42 -1
1048: 88 73 2243 2879 2932 42 2281 -1
1049: 2905 42 -1
1050: 860 42 2714 758 12 1930 -1
1051: 1009 2831 856 100 1701 1371 668 42 1719 2906 1926 2252 2943 3179 2932 87 2987 1900 -1
1052: 88 117 2831 1371 119 281 98 42 1088 2718 1842 -1
1053: 42 145 3360 3368 3350 700 1717 -1
1054: -1
1055: 12 -1
1056: 12 -1
1057: 12 -1
1058: 12 -1
1059: 0 85 160 2144 152 446 445 43 -1
1060: 12 -1
1061: 12 -1
1062: 12 -1
1063: -1
1064: 44 672 -1
1065: 44 -1
1066: 44 -1
1067: 44 1064 3002 3003 -1
1068: 2943 100 666 44 -1
1069: 665 44 658 3413 1704 740 2309 1735 3429 -1
1070: 3367 44 3437 96 740 653 1900 2043 -1
1071: 2243 867 2831 2331 1371 3429 2878 658 1719 1780 149 3442 2264 740 44 3403 1697 100 2885 2711 2861 2281 2987 -1
1072: 740 44 -1
1073: 3370 2943 44 -1
1074: -1
1075: 867 88 1900 1923 2243 45 3208 -1
1076: 49 45 867 -1
1077: 679 45 1925 853 2241 -1
1078: 860 -1
1079: 2879 45 847 1814 648 -1
1080: 867 2243 45 1688 1717 -1
1081: 1711 2843 38 49 45 2243 2241 1371 26 -1
1082: 45 853 1009 -1
1083: 2264 2861 2906 1027 2932 19 1817 25 45 2330 -1
1084: 3354 2907 2264 2941 1711 2084 867 45 648 117 1375 1366 -1
1085: 2282 2264 2882 2243 1817 2714 45 1466 1900 2271 2964 2887 12 62 -1
1086: 2295 88 45 661 2912 2943 -1
1087: 2877 49 45 867 1923 -1
1088: -1
1089: 59 2264 45 1900 2331 867 2243 -1
1090: 45 -1
1091: 45 -1
1092: 2843 2876 1814 2895 45 -1
1093: 1733 71 1923 853 2243 42 223 1817 2241 2987 2899 1814 45 867 847 49 1719 53 648 46 16 2278 2330 2882 12 -1
1094: 1923 679 49 45 -1
1095: 1688 1900 45 1719 2899 1701 853 -1
1096: 728 2253 700 1701 1721 1817 45 -1
1097: 45 867 3032 1688 -1
1098: 853 1719 2331 45 867 2831 1006 1900 -1
1099: 2365 -1
1100: 45 -1
1101: 2918 4 49 45 1850 1688 867 -1
1102: 138 1162 2875 2879 847 114 745 3354 45 2252 666 2243 2330 -1
1103: 1905 1904 1770 1727 46 -1
1104: 46 -1
1105: 12 1711 11 733 745 1842 744 849 1726 46 -1
1106: 1727 46 1115 3002 3003 -1
1107: 1712 1892 46 -1
1108: 11 1711 12 3383 321 733 745 1727 2331 1054 3332 758 1726 46 -1
1109: 740 1727 1810 1725 46 -1
1110: 12 3383 745 758 1842 1727 46 1932 11 648 1703 1810 1711 2331 1748 1744 1737 1730 3415 -1
1111: 2172 12 11 1726 3383 745 758 1711 1842 1727 46 1932 1703 733 1930 1774 1891 3168 -1
1112: 12 11 46 3383 -1
1113: 867 1858 1818 1748 3383 1851 4 1727 3410 1902 1725 1845 1856 3 1842 654 1726 1918 1366 3018 46 594 -1
1114: 1933 1934 1935 -1
1115: 1727 46 672 -1
1116: 1905 1910 1661 1845 1366 1899 83 1900 1727 11 758 46 1932 1717 1688 2987 -1
1117: 2989 1366 46 1932 1931 54 -1
1118: 12 11 1726 3383 745 758 1711 1842 1727 46 1932 1703 1371 -1
1119: 1712 1710 1708 1348 1727 46 1932 1931 1698 52 83 2371 378 1692 -1
1120: 1891 1892 12 11 46 1703 1930 758 1932 2243 1799 2915 9 1845 1725 1728 2256 2899 1897 1899 1905 723 2989 83 2371 1712 1708 -1
1121: 1725 46 -1
1122: 1905 1661 1727 1725 1845 1930 46 2989 1899 9 1366 1717 -1
1123: 1717 594 2370 1727 493 46 -1
1124: 45 1701 2249 49 3383 1726 46 -1
1125: 11 12 1719 1842 1711 1727 149 1725 378 46 1932 -1
1126: 1905 1892 3408 46 1123 -1
1127: 1932 46 1703 1679 1693 1719 1696 54 1692 -1
1128: 46 1727 1703 1932 1930 1904 1712 1715 1716 1710 867 -1
1129: 1754 1901 1902 1727 1725 2987 1366 46 54 -1
1130: 1899 1905 83 1814 1930 46 -1
1131: 1902 1727 1845 2043 1714 1712 3429 46 1710 54 -1
1132: 378 46 1725 995 1899 1703 1710 1696 1912 3409 1904 1714 1897 1006 1719 3370 3358 2373 -1
1133: 2843 1728 1711 1727 2523 1905 1930 1714 46 1703 -1
1134: 1719 12 46 -1
1135: 3394 1904 3328 1679 1690 1689 1696 1717 3443 46 1703 1932 1727 2264 867 2532 -1
1136: -1
1137: 47 1136 -1
1138: 3429 710 47 2831 -1
1139: 1371 3370 47 -1
1140: 47 1842 2281 710 -1
1141: 2029 1142 2243 2838 47 -1
1142: -1
1143: 3370 47 1148 2264 1717 -1
1144: 47 710 1149 1900 3256 -1
1145: 1754 3 47 1142 1717 -1
1146: 47 -1
1147: 1719 1155 47 710 1711 -1
1148: -1
1149: -1
1150: 740 2831 47 -1
1151: 47 -1
1152: 3370 47 2913 -1
1153: 47 3 2943 1711 -1
1154: 2875 2838 710 -1
1155: 2340 1719 2991 2831 47 149 2838 2331 -1
1156: 47 1148 2838 710 2943 3291 1900 100 -1
1157: 47 -1
1158: 149 2821 47 2991 1155 2029 -1
1159: 710 100 47 -1
1160: -1
1161: -1
1162: -1
1163: 1160 1161 -1
1164: 1161 -1
1165: 1161 -1
1166: 1161 -1
1167: 1161 -1
1168: 1161 -1
1169: 1161 -1
1170: 1161 -1
1171: 1161 -1
1172: 1161 -1
1173: 1161 -1
1174: 1161 -1
1175: 1161 -1
1176: 1161 -1
1177: 1160 1161 -1
1178: 736 49 -1
1179: 49 -1
1180: 1933 1934 1935 1955 1956 1957 1958 -1
1181: 49 -1
1182: 281 2243 49 758 2987 -1
1183: 3032 867 1466 1814 1900 853 117 5 2241 2262 49 -1
1184: 3354 2943 2831 1900 1875 3020 1009 1925 2243 49 1817 -1
1185: 49 -1
1186: 1200 1905 1716 731 2883 49 -1
1187: 45 88 49 -1
1188: 1054 49 1717 1162 2330 -1
1189: 1774 1891 2172 49 856 -1
1190: 1672 1754 49 -1
1191: 2887 49 -1
1192: 49 -1
1193: 1489 49 -1
1194: 867 -1
1195: 49 -1
1196: 1363 281 1460 49 -1
1197: 26 845 49 -1
1198: 3213 49 -1
1199: 72 1712 2264 1900 575 2252 49 1735 2373 -1
1200: -1
1201: 49 4 -1
1202: 49 -1
1203: 745 49 -1
1204: 2243 845 49 1926 -1
1205: -1
1206: -1
1207: -1
1208: -1
1209: -1
1210: -1
1211: -1
1212: -1
1213: -1
1214: -1
1215: -1
1216: -1
1217: -1
1218: -1
1219: -1
1220: -1
1221: -1
1222: -1
1223: -1
1224: -1
1225: -1
1226: -1
1227: -1
1228: -1
1229: -1
1230: -1
1231: -1
1232: -1
1233: -1
1234: -1
1235: -1
1236: -1
1237: -1
1238: -1
1239: -1
1240: -1
1241: -1
1242: -1
1243: -1
1244: -1
1245: -1
1246: -1
1247: -1
1248: -1
1249: -1
1250: -1
1251: -1
1252: -1
1253: -1
1254: -1
1255: -1
1256: -1
1257: -1
1258: -1
1259: -1
1260: -1
1261: -1
1262: -1
1263: -1
1264: -1
1265: -1
1266: -1
1267: -1
1268: -1
1269: -1
1270: -1
1271: -1
1272: 1280 -1
1273: 1280 -1
1274: 1280 -1
1275: 1280 -1
1276: 1280 -1
1277: 1280 -1
1278: 1280 -1
1279: 1280 -1
1280: -1
1281: 1280 -1
1282: 1280 -1
1283: 1280 -1
1284: 1280 -1
1285: 1280 -1
1286: 1280 -1
1287: 1280 -1
1288: 1280 -1
1289: 1280 -1
1290: 1280 -1
1291: 1280 -1
1292: 1280 -1
1293: 1280 -1
1294: 1280 -1
1295: 1280 -1
1296: 1280 -1
1297: 1280 -1
1298: 1280 -1
1299: 1280 -1
1300: 1280 -1
1301: 1280 -1
1302: 1280 -1
1303: 1280 -1
1304: 1280 -1
1305: 1280 -1
1306: 1280 -1
1307: 1280 -1
1308: 1280 -1
1309: 1280 -1
1310: 1280 -1
1311: 1905 52 3218 -1
1312: 52 3219 2339 3207 -1
1313: 758 59 52 1731 2527 -1
1314: 52 -1
1315: 52 -1
1316: 52 -1
1317: 52 3328 -1
1318: 2110 52 648 -1
1319: 52 -1
1320: 52 -1
1321: 52 3350 1314 -1
1322: 3328 52 -1
1323: 1697 679 52 728 1900 1182 3392 2259 1711 87 62 -1
1324: 847 2256 1817 2899 1748 2276 3415 52 2110 2878 2935 679 1847 1366 682 745 758 1725 743 849 648 -1
1325: 1817 2899 1748 2276 3415 52 2110 2878 2935 679 1847 1366 682 745 758 1725 743 849 -1
1326: 2110 1904 1712 1812 1714 1708 52 -1
1327: 758 59 52 1731 2527 -1
1328: 2243 2110 1748 2907 1812 2309 1900 52 1737 -1
1329: 52 -1
1330: 52 -1
1331: 758 2875 52 -1
1332: 370 1897 59 723 2339 2412 1901 1904 149 3207 52 -1
1333: 710 3328 3448 3031 1728 1910 52 1314 847 91 -1
1334: 52 -1
1335: 52 -1
1336: 1818 11 1748 758 52 1930 54 1489 -1
1337: 53 -1
1338: 1337 -1
1339: 180 -1
1340: 1905 1712 1715 83 1661 1930 54 3360 3334 2243 3200 2331 662 3441 1924 3168 3448 2264 1717 -1
1341: 1712 1708 46 3334 3429 54 1727 1726 1932 1931 1853 378 723 2989 52 88 83 2371 1692 -1
1342: 1891 1756 2909 3 1771 3357 304 1371 1711 -1
1343: 3441 1688 54 -1
1344: 2110 1715 723 2987 1904 740 1452 3209 3350 12 648 1688 1754 2243 2264 742 2896 691 758 739 1711 2207 2276 281 1710 54 1709 -1
1345: 3017 2985 100 720 723 1763 54 -1
1346: 12 54 3115 1371 1810 1718 1688 -1
1347: 83 1899 1910 1366 1930 1845 54 -1
1348: 2339 1718 1710 1709 -1
1349: 1845 2989 378 1748 1725 -1
1350: 1366 728 54 -1
1351: 3358 54 728 745 3427 -1
1352: 1719 54 -1
1353: 1718 54 1719 2243 1711 758 1489 -1
1354: 1698 -1
1355: 1702 1700 1343 -1
1356: 11 758 849 1725 54 -1
1357: 3020 2295 54 740 2885 2376 -1
1358: 728 54 -1
1359: 1717 1377 1027 2264 54 -1
1360: 1899 113 2373 1970 2367 1718 1900 1719 2282 1688 1711 1905 117 149 1712 1842 54 -1
1361: 1054 1725 1845 743 54 648 1899 1905 117 11 12 1452 1930 -1
1362: 1748 456 3427 1687 597 1850 54 1744 -1
1363: 62 54 1905 -1
1364: 1719 100 2831 1372 3419 2253 3390 3350 3414 2899 3436 3418 3429 1712 1905 1708 46 54 1689 1661 3383 758 1727 1734 1711 593 597 -1
1365: 1930 1904 1901 2987 1902 2989 378 1899 2109 3 1712 1708 1710 54 -1
1366: -1
1367: 54 -1
1368: 744 54 4 1727 849 1366 -1
1369: 1725 1694 54 -1
1370: 1933 1934 1935 -1
1371: -1
1372: -1
1373: -1
1374: -1
1375: -1
1376: -1
1377: -1
1378: -1
1379: -1
1380: -1
1381: 1380 -1
1382: 860 55 1385 3002 3003 -1
1383: 3333 646 860 1915 55 2334 -1
1384: 672 -1
1385: 3333 1915 646 55 860 672 -1
1386: 56 2987 -1
1387: 56 2831 1389 3002 3003 -1
1388: 1933 1934 1935 1955 1956 1957 1958 -1
1389: 56 2831 672 2334 -1
1390: 56 -1
1391: 2973 56 -1
1392: 56 -1
1393: 1009 4 40 49 1687 1685 3381 3348 2909 56 1688 1844 1375 1719 666 1892 2943 -1
1394: 1829 56 45 648 758 223 2899 26 1817 49 -1
1395: 2876 56 758 -1
1396: 56 2831 -1
1397: 1414 1415 1416 1417 1418 57 1419 1420 1421 1422 1423 1424 1425 1426 1427 1428 1429 1430 1431 1432 1433 1434 -1
1398: -1
1399: -1
1400: -1
1401: -1
1402: -1
1403: -1
1404: -1
1405: -1
1406: -1
1407: -1
1408: -1
1409: -1
1410: -1
1411: -1
1412: -1
1413: -1
1414: 1397 1398 1416 1418 57 1419 1422 1423 1428 1431 1432 1433 1434 -1
1415: 1397 1398 1416 1418 57 1419 1422 1423 1428 1431 1432 1433 1434 -1
1416: 1397 1398 1414 1415 1417 1418 57 1419 1420 1421 1422 1423 1424 1425 1426 1427 1428 1429 1430 1431 1432 1434 -1
1417: 1397 1398 1416 1418 57 1419 1422 1423 1428 1431 1432 1433 1434 -1
1418: 1397 1398 1414 1415 1416 1417 57 1419 1420 1421 1422 1423 1424 1425 1426 1427 1428 1429 1430 1431 1432 1433 1434 -1
1419: 1397 1398 1403 1414 1415 1416 1417 1418 1420 1421 1422 1424 1425 1426 1427 1428 1429 1430 1431 1432 1433 1434 -1
1420: 1397 1398 1416 1418 57 1419 1422 1423 1428 1431 1432 1433 1434 -1
1421: 1397 1398 1416 1418 57 1419 1422 1423 1428 1431 1432 1433 1434 -1
1422: 1397 1398 1414 1415 1416 1417 1418 57 1419 1420 1421 1423 1424 1425 1426 1427 1428 1429 1430 1431 1432 1433 1434 -1
1423: 1397 1398 1414 1415 1416 1417 1418 1420 1421 1422 1424 1425 1426 1427 1428 1429 1430 1431 1432 1433 1434 -1
1424: 1397 1398 1416 1418 57 1419 1422 1423 1428 1431 1432 1433 1434 -1
1425: 1397 1398 1416 1418 57 1419 1422 1423 1428 1431 1432 1433 1434 -1
1426: 1397 1398 1416 1418 57 1419 1422 1423 1428 1431 1432 1433 1434 -1
1427: 1397 1398 1416 1418 57 1419 1422 1423 1428 1431 1432 1433 1434 -1
1428: 1397 1398 1414 1415 1416 1417 1418 57 1419 1420 1421 1422 1423 1424 1425 1426 1427 1429 1430 1431 1432 1433 1434 -1
1429: 1397 1398 1416 1418 57 1419 1422 1423 1428 1431 1432 1433 1434 -1
1430: 1397 1398 1416 1418 57 1419 1422 1423 1428 1431 1432 1433 1434 -1
1431: 1397 1398 1414 1415 1416 1417 1418 57 1419 1420 1421 1422 1423 1424 1425 1426 1427 1428 1429 1430 1432 1433 1434 -1
1432: 1397 1398 1414 1415 1416 1417 1418 57 1419 1420 1421 1422 1423 1424 1425 1426 1427 1428 1429 1430 1431 1433 1434 -1
1433: 1398 -1
1434: -1
1435: 3021 1433 1719 2913 1423 1428 1421 1422 1426 1429 1425 1427 1430 1419 57 867 -1
1436: 2264 1431 1432 1422 1428 1425 57 1417 1416 1430 1427 1415 1414 1421 1423 1397 1426 1419 1424 1420 1429 1418 567 2340 -1
1437: 1053 1719 1397 1417 1415 1432 1431 1418 1414 1416 1420 1424 1423 1428 1421 1422 1426 1429 1425 1427 1430 1419 57 -1
1438: 3021 1433 1719 2913 1423 1428 1421 1422 1426 1429 1425 1427 1430 1419 57 867 -1
1439: 1397 1417 1415 1432 1431 1418 1414 1416 1420 1424 1423 1428 1421 1422 1426 1429 1425 1427 1430 1419 57 -1
1440: 1460 2987 2831 3021 1717 2273 867 100 3403 1688 -1
1441: 1431 1422 1428 1425 57 1417 2831 1416 1430 867 1427 1415 1414 1421 1397 1423 1426 1419 1420 1429 1418 3370 -1
1442: 1006 2843 57 1419 1430 1427 1425 1429 1426 1422 1421 1428 1423 1424 1420 1416 1414 1418 1431 1432 1415 1417 1397 1719 -1
1443: 1570 2331 1397 1417 1415 1414 1432 1431 1428 1416 1425 1422 1418 1420 1424 57 1421 1426 1429 1427 1430 1419 1423 2243 3370 -1
1444: 3021 1433 1719 2913 1423 1428 1421 1422 1426 1429 1425 1427 1430 1419 57 867 -1
1445: 1433 1397 1415 1432 1431 1418 1414 1416 1420 1424 1423 1428 1421 1422 1426 1429 1425 1427 1430 1419 57 -1
1446: 2243 117 666 79 1900 -1
1447: 1433 6 1431 1432 1422 1428 1416 1425 57 1417 1430 1397 1427 1415 1414 1421 1423 1426 1419 1424 1420 1429 1418 106 710 -1
1448: 867 2907 2243 581 2861 53 2905 1688 1900 3403 1088 2909 3409 1717 1719 1397 1417 1415 1432 1431 1418 1414 1416 1420 1424 1423 1428 1421 1422 1426 1429 1425 1427 1430 1419 57 1433 2821 -1
1449: 867 53 1433 2319 1397 1417 57 2243 -1
1450: 1422 1428 1425 57 1417 1416 1430 1427 1415 1414 1421 1423 1397 1426 1419 1424 1420 1429 1418 -1
1451: 3021 1433 1719 2913 1423 1428 1421 1422 1426 1429 1425 1427 1430 1419 57 867 -1
1452: -1
1453: 62 1476 2863 2887 -1
1454: -1
1455: 3020 2831 666 298 867 149 2943 100 661 743 2928 700 1688 1756 1770 1735 1719 117 739 1900 1806 3 2331 2264 3429 2987 2865 2909 2042 2295 1754 710 3442 2878 1704 101 1711 2309 658 1371 150 3367 657 2861 -1
1456: 181 -1
1457: 1461 -1
1458: -1
1459: 1464 -1
1460: -1
1461: 58 1458 -1
1462: 58 3 672 2334 -1
1463: 3 58 1462 3002 3003 -1
1464: 58 -1
1465: 58 1702 -1
1466: -1
1467: 59 867 2172 1697 -1
1468: 2878 -1
1469: 59 1897 -1
1470: 2989 1904 59 2976 -1
1471: 59 1719 1717 2331 -1
1472: 59 1970 1905 1899 1712 -1
1473: 2887 62 59 -1
1474: 2831 59 -1
1475: 59 2895 -1
1476: 59 -1
1477: 59 2256 2243 1900 3433 2527 -1
1478: 59 710 -1
1479: 1371 59 -1
1480: 149 -1
1481: 59 2887 2935 758 -1
1482: 59 1723 -1
1483: 59 1904 -1
1484: 2963 2262 2243 2850 1719 1688 59 1875 1810 1900 2110 2987 1717 3403 149 2974 1371 2909 -1
1485: 1688 149 59 1810 1817 -1
1486: 12 -1
1487: 59 2527 -1
1488: 648 59 -1
1489: -1
1490: -1
1491: 60 1489 1490 1558 1559 1560 1561 1562 1563 1564 1565 1566 1567 1568 1569 1570 1571 1572 1573 -1
1492: 60 1489 1573 1490 -1
1493: 60 1489 1490 1558 1559 1560 1561 1562 1563 1564 1565 1566 1567 1568 1569 1570 1571 1572 1573 -1
1494: 60 1489 1490 1558 1559 1560 1561 1562 1563 1564 1565 1566 1567 1568 1569 1570 1571 1572 1573 -1
1495: -1
1496: -1
1497: 60 1489 1490 1558 1559 1560 1561 1562 1563 1564 1565 1566 1567 1568 1569 1570 1571 1572 1573 -1
1498: 60 1489 1490 1558 1559 1560 1561 1562 1563 1564 1565 1566 1567 1568 1569 1570 1571 1572 1573 -1
1499: 60 1489 1573 1490 -1
1500: 60 1489 1490 1558 1559 1560 1561 1562 1563 1564 1565 1566 1567 1568 1569 1570 1571 1572 1573 -1
1501: 60 1489 1490 1558 1559 1560 1561 1562 1563 1564 1565 1566 1567 1568 1569 1570 1571 1572 1573 -1
1502: 60 1489 1490 1571 1558 1559 1560 1561 1562 1563 1564 1565 1566 1567 1568 1569 1570 1572 1573 -1
1503: 60 1489 1490 1558 1559 1560 1561 1562 1563 1564 1565 1566 1567 1568 1569 1570 1571 1572 1573 -1
1504: 60 1489 1490 1571 1558 1559 1560 1561 1562 1563 1564 1565 1566 1567 1568 1569 1570 1572 1573 -1
1505: 60 1489 1490 1584 1558 1559 1560 1561 1562 1563 1564 1565 1566 1567 1568 1569 1570 1571 1572 1573 -1
1506: 60 1489 1490 1558 1559 1560 1561 1562 1563 1564 1565 1566 1567 1568 1569 1570 1571 1572 1573 -1
1507: 60 1489 1490 1558 1559 1560 1561 1562 1563 1564 1565 1566 1567 1568 1569 1570 1571 1572 1573 -1
1508: 60 1489 1490 1558 1559 1560 1561 1562 1563 1564 1565 1566 1567 1568 1569 1570 1571 1572 1573 -1
1509: 60 1489 1490 1558 1559 1560 1561 1562 1563 1564 1565 1566 1567 1568 1569 1570 1571 1572 1573 -1
1510: 60 1489 1490 1558 1559 1560 1561 1562 1563 1564 1565 1566 1567 1568 1569 1570 1571 1572 1573 -1
1511: 60 1489 1490 1558 1559 1560 1561 1562 1563 1564 1565 1566 1567 1568 1569 1570 1571 1572 1573 -1
1512: 60 1489 1490 1558 1559 1560 1561 1562 1563 1564 1565 1566 1567 1568 1569 1570 1571 1572 1573 -1
1513: 60 1489 1490 1558 1559 1560 1561 1562 1563 1564 1565 1566 1567 1568 1569 1570 1571 1572 1573 -1
1514: 60 1489 1490 1558 1559 1560 1561 1562 1563 1564 1565 1566 1567 1568 1569 1570 1571 1572 1573 -1
1515: 60 1489 1490 1558 1559 1560 1561 1562 1563 1564 1565 1566 1567 1568 1569 1570 1571 1572 1573 -1
1516: 60 1489 1490 1558 1559 1560 1561 1562 1563 1564 1565 1566 1567 1568 1569 1570 1571 1572 1573 -1
1517: 60 1489 1490 1558 1559 1560 1561 1562 1563 1564 1565 1566 1567 1568 1569 1570 1571 1572 1573 -1
1518: 60 1489 1490 1558 1559 1560 1561 1562 1563 1564 1565 1566 1567 1568 1569 1570 1571 1572 1573 -1
1519: 60 1489 1490 1558 1559 1560 1561 1562 1563 1564 1565 1566 1567 1568 1569 1570 1571 1572 1573 -1
1520: 60 1489 1490 1558 1559 1560 1561 1562 1563 1564 1565 1566 1567 1568 1569 1570 1571 1572 1573 -1
1521: 60 1489 1490 1571 1572 1573 -1
1522: 60 1489 1490 1558 1559 1560 1561 1562 1563 1564 1565 1566 1567 1568 1569 1570 1571 1572 1573 -1
1523: 60 1489 1490 1558 1559 1560 1561 1562 1563 1564 1565 1566 1567 1568 1569 1570 1571 1572 1573 -1
1524: 60 1489 1490 1558 1559 1560 1561 1562 1563 1564 1565 1566 1567 1568 1569 1570 1571 1572 1573 -1
1525: 60 1489 1490 1558 1559 1560 1561 1562 1563 1564 1565 1566 1567 1568 1569 1570 1571 1572 1573 -1
1526: 60 -1
1527: 60 1489 1490 1558 1559 1560 1561 1562 1563 1564 1565 1566 1567 1568 1569 1570 1571 1572 1573 -1
1528: 60 1489 1490 1558 1559 1560 1561 1562 1563 1564 1565 1566 1567 1568 1569 1570 1571 1572 1573 -1
1529: 60 1489 1490 1558 1559 1560 1561 1562 1563 1564 1565 1566 1567 1568 1569 1570 1571 1572 1573 -1
1530: 60 1489 1490 1558 1559 1560 1561 1562 1563 1564 1565 1566 1567 1568 1569 1570 1571 1572 1573 -1
1531: 60 1489 1490 1558 1559 1560 1561 1562 1563 1564 1565 1566 1567 1568 1569 1570 1571 1572 1573 -1
1532: 60 1489 1490 1565 1566 1567 1568 1569 1570 1571 1572 1573 -1
1533: 60 1489 1490 1558 1559 1560 1561 1562 1563 1564 1565 1566 1567 1568 1569 1570 1571 1572 1573 -1
1534: 60 1489 1573 1490 -1
1535: 60 1489 1490 1601 1558 1559 1560 1561 1562 1563 1564 1565 1566 1567 1568 1569 1570 1571 1572 1573 -1
1536: 60 1489 1490 1571 1558 1559 1560 1561 1562 1563 1564 1565 1566 1567 1568 1569 1570 1572 1573 -1
1537: 60 1489 1490 1558 1559 1560 1561 1562 1563 1564 1565 1566 1567 1568 1569 1570 1571 1572 1573 -1
1538: 60 1489 1490 1558 1559 1560 1561 1562 1563 1564 1565 1566 1567 1568 1569 1570 1571 1572 1573 -1
1539: 60 1489 1490 1558 1559 1560 1561 1562 1563 1564 1565 1566 1567 1568 1569 1570 1571 1572 1573 -1
1540: 60 1489 1490 1558 1559 1560 1561 1562 1563 1564 1565 1566 1567 1568 1569 1570 1571 1572 1573 -1
1541: -1
1542: 60 1489 1490 1558 1559 1560 1561 1562 1563 1564 1565 1566 1567 1568 1569 1570 1571 1572 1573 -1
1543: 60 1489 1490 1558 1559 1560 1561 1562 1563 1564 1565 1566 1567 1568 1569 1570 1571 1572 1573 -1
1544: 60 1489 1490 1584 1558 1559 1560 1561 1562 1563 1564 1565 1566 1567 1568 1569 1570 1571 1572 1573 -1
1545: 1489 1573 1571 -1
1546: 60 1489 1490 1558 1559 1560 1561 1562 1563 1564 1565 1566 1567 1568 1569 1570 1571 1572 1573 -1
1547: 60 1489 1490 1558 1559 1560 1561 1562 1563 1564 1565 1566 1567 1568 1569 1570 1571 1572 1573 -1
1548: 60 1489 1490 1558 1559 1560 1561 1562 1563 1564 1565 1566 1567 1568 1569 1570 1571 1572 1573 -1
1549: 60 1489 1490 1571 1558 1559 1560 1561 1562 1563 1564 1565 1566 1567 1568 1569 1570 1572 1573 -1
1550: 60 1489 1490 1558 1559 1560 1561 1562 1563 1564 1565 1566 1567 1568 1569 1570 1571 1572 1573 -1
1551: 60 1489 1490 1558 1559 1560 1561 1562 1563 1564 1565 1566 1567 1568 1569 1570 1571 1572 1573 -1
1552: 60 1489 1490 1601 1558 1559 1562 1565 1566 1567 1568 1569 1570 1573 -1
1553: 60 1489 1490 1571 1558 1559 1560 1561 1562 1563 1564 1565 1566 1567 1568 1569 1570 1572 1573 -1
1554: 60 1489 1573 1490 -1
1555: 60 1489 1490 1601 1558 1559 1560 1561 1562 1563 1564 1565 1566 1567 1568 1569 1570 1571 1572 1573 -1
1556: 60 1489 1490 1601 1558 1559 1560 1561 1562 1563 1564 1565 1566 1567 1568 1569 1570 1571 1572 1573 -1
1557: 60 1489 1490 1558 1559 1560 1561 1562 1563 1564 1565 1566 1567 1568 1569 1570 1571 1572 1573 -1
1558: 1491 1492 1561 1564 -1
1559: 1491 1492 1561 1564 -1
1560: -1
1561: 60 1489 1573 1490 -1
1562: 1491 1492 1561 1564 -1
1563: 1491 1492 1561 1564 -1
1564: 1489 1571 -1
1565: -1
1566: -1
1567: -1
1568: -1
1569: -1
1570: -1
1571: -1
1572: -1
1573: -1
1574: 1491 1492 1561 1564 -1
1575: 1491 1492 1561 1564 -1
1576: 1491 1492 1561 1564 -1
1577: 1491 1492 1561 1564 -1
1578: 1489 60 1565 1571 1573 -1
1579: 60 -1
1580: 1489 1572 -1
1581: 1491 1492 1561 1564 -1
1582: 867 -1
1583: 1492 1561 1564 -1
1584: -1
1585: 1491 1492 1561 1564 -1
1586: 1491 1492 1561 1564 -1
1587: 1491 1492 1561 1564 -1
1588: 3168 -1
1589: 1491 1492 1561 1564 -1
1590: 1491 1492 1493 1494 1495 1496 1506 1507 1508 1509 1510 1511 1512 1513 1514 1517 1520 1522 1523 1524 1525 1526 1527 1528 1529 1530 1531 1532 1533 1534 1535 1536 1537 1538 1539 1540 1541 1542 1543 1544 1545 1546 1547 1548 1549 1550 1551 1552 1553 1554 1555 1556 1557 1561 1564 -1
1591: 1491 1492 1561 1564 -1
1592: 1491 1492 1561 1564 -1
1593: 1491 1492 1561 1564 -1
1594: 3168 -1
1595: 3168 -1
1596: 60 -1
1597: 1489 -1
1598: 1491 1492 1561 1564 -1
1599: 1491 1492 1561 1564 -1
1600: 1933 1934 1935 -1
1601: 1491 1492 1561 1564 -1
1602: 1491 1492 1561 1564 -1
1603: 1491 1492 1561 1564 -1
1604: 60 -1
1605: 1618 -1
1606: 1618 -1
1607: 1618 -1
1608: 1618 -1
1609: 1618 -1
1610: 1618 -1
1611: 1618 -1
1612: 1618 -1
1613: 1618 -1
1614: 1618 -1
1615: -1
1616: 1618 -1
1617: 1618 -1
1618: 1606 -1
1619: 1605 1606 1607 1608 1609 1610 1611 1612 1613 1614 1615 1616 1617 -1
1620: -1
1621: -1
1622: -1
1623: 2831 62 1817 2874 2987 -1
1624: 62 1711 -1
1625: 62 -1
1626: 62 2907 2281 1817 2899 2243 1711 9 1900 648 -1
1627: 62 -1
1628: 62 1900 648 1452 -1
1629: 743 3441 1366 3179 858 62 -1
1630: 2874 2876 2875 2887 2243 1817 2895 2936 2973 62 -1
1631: 2281 2987 2935 1814 62 -1
1632: 1923 62 2907 2281 1817 2899 2243 867 9 648 -1
1633: 679 62 1476 1900 -1
1634: 62 -1
1635: 62 -1
1636: 2907 62 1466 1900 5 2875 867 1688 2899 -1
1637: 2878 2875 2907 2887 2281 1371 2876 1817 2863 53 2262 1900 1476 2936 2846 2963 62 2986 2993 -1
1638: 1054 12 62 -1
1639: 1823 3418 62 -1
1640: 847 62 867 2887 12 79 2243 4 -1
1641: 62 -1
1642: 1466 1817 62 9 1452 867 1900 2882 2987 2887 378 -1
1643: 679 2243 1754 2943 1719 1688 1900 648 4 2519 2987 1810 1711 3020 2831 661 725 1371 1054 1756 1717 2969 758 12 1452 666 1817 2935 62 2281 1814 2331 2878 2863 2887 867 2877 2910 3354 2264 2922 1723 2894 3379 2971 149 2865 669 1701 1661 1053 -1
1644: 12 62 -1
1645: 2935 2905 2963 1476 62 1900 -1
1646: 1476 62 -1
1647: 2887 648 59 62 2281 1900 -1
1648: 62 1719 -1
1649: 62 2907 1466 1476 1717 1900 1452 -1
1650: 758 1727 2281 3448 3444 62 -1
1651: 62 1924 2899 -1
1652: 62 -1
1653: 11 62 2863 1817 2875 53 2262 1900 2264 2917 3403 1466 1476 2935 12 2887 1717 2973 2899 2986 2878 -1
1654: 1813 2882 2905 2479 1823 1717 1714 3430 3436 62 25 1711 -1
1655: 62 1817 2899 1900 758 1466 2330 2935 2271 2281 1905 -1
1656: 62 1466 1711 2281 1900 4 2935 2907 2899 1817 -1
1657: 100 2989 758 3396 3414 62 3389 3394 3418 -1
1658: 2922 -1
1659: 2334 1489 1711 150 3115 63 2243 1731 1719 1371 281 2282 1810 181 2704 -1
1660: 2879 1701 281 2711 2172 63 2243 849 -1
1661: 1930 1725 63 1460 -1
1662: 1930 1725 63 1460 -1
1663: 1719 64 -1
1664: 64 1719 1665 3002 3003 -1
1665: 64 1719 672 -1
1666: 730 64 142 2331 1717 867 281 -1
1667: 1162 666 64 1053 1900 1719 -1
1668: 1933 1934 1935 1936 1955 1956 1957 1958 -1
1669: 1933 1934 1935 -1
1670: 1933 1934 1935 -1
1671: 1661 65 672 2334 -1
1672: -1
1673: -1
1674: 2473 2474 2475 2476 2477 2478 2479 2480 1011 -1
1675: 2473 2474 2475 2476 2477 2478 2479 2480 -1
1676: 1672 -1
1677: 1672 -1
1678: 582 2473 2474 2475 2476 2477 2478 2479 2480 1011 -1
1679: -1
1680: 1883 -1
1681: 1884 -1
1682: 67 -1
1683: 1883 -1
1684: 1883 -1
1685: 1819 -1
1686: 1774 1685 1770 1838 1794 -1
1687: -1
1688: 453 -1
1689: 1692 -1
1690: -1
1691: 321 -1
1692: -1
1693: -1
1694: -1
1695: -1
1696: -1
1697: -1
1698: 46 1712 1710 -1
1699: -1
1700: -1
1701: -1
1702: -1
1703: -1
1704: -1
1705: -1
1706: -1
1707: -1
1708: 1853 -1
1709: -1
1710: -1
1711: -1
1712: -1
1713: -1
1714: -1
1715: -1
1716: -1
1717: -1
1718: 1719 -1
1719: -1
1720: 1904 -1
1721: -1
1722: -1
1723: -1
1724: -1
1725: -1
1726: -1
1727: -1
1728: -1
1729: 2831 -1
1730: -1
1731: -1
1732: -1
1733: 453 -1
1734: -1
1735: 3370 -1
1736: -1
1737: -1
1738: -1
1739: -1
1740: -1
1741: -1
1742: -1
1743: -1
1744: -1
1745: -1
1746: 1774 -1
1747: -1
1748: -1
1749: -1
1750: -1
1751: 181 -1
1752: -1
1753: -1
1754: -1
1755: -1
1756: -1
1757: -1
1758: -1
1759: -1
1760: -1
1761: -1
1762: -1
1763: -1
1764: -1
1765: -1
1766: -1
1767: -1
1768: -1
1769: -1
1770: -1
1771: -1
1772: -1
1773: -1
1774: -1
1775: 2334 -1
1776: -1
1777: 1371 -1
1778: -1
1779: 2340 -1
1780: -1
1781: -1
1782: -1
1783: -1
1784: -1
1785: -1
1786: -1
1787: -1
1788: -1
1789: -1
1790: -1
1791: -1
1792: 1846 -1
1793: -1
1794: -1
1795: -1
1796: -1
1797: 1764 -1
1798: -1
1799: -1
1800: 1770 -1
1801: -1
1802: -1
1803: -1
1804: -1
1805: -1
1806: -1
1807: -1
1808: -1
1809: -1
1810: -1
1811: -1
1812: -1
1813: -1
1814: -1
1815: -1
1816: -1
1817: -1
1818: -1
1819: -1
1820: -1
1821: -1
1822: -1
1823: -1
1824: -1
1825: -1
1826: -1
1827: -1
1828: 453 -1
1829: -1
1830: -1
1831: -1
1832: -1
1833: -1
1834: -1
1835: -1
1836: -1
1837: -1
1838: 453 -1
1839: -1
1840: -1
1841: -1
1842: -1
1843: -1
1844: -1
1845: 1711 -1
1846: 1838 1823 1685 -1
1847: -1
1848: -1
1849: -1
1850: 4 -1
1851: -1
1852: -1
1853: -1
1854: -1
1855: -1
1856: 12 -1
1857: -1
1858: -1
1859: -1
1860: -1
1861: -1
1862: -1
1863: -1
1864: -1
1865: 1774 1757 1876 1758 1858 1782 1746 1846 1786 1726 11 1725 1819 1816 1823 1748 1740 -1
1866: -1
1867: -1
1868: -1
1869: -1
1870: -1
1871: -1
1872: -1
1873: -1
1874: -1
1875: -1
1876: -1
1877: -1
1878: -1
1879: 1794 2340 -1
1880: 1881 -1
1881: -1
1882: 1765 1685 1768 1759 1773 1770 1686 1754 1766 1774 1881 1719 1794 1859 1752 1846 1746 1866 1865 1874 1858 1867 1820 1818 1807 1805 1823 1819 1781 1798 1748 1733 1743 704 -1
1883: -1
1884: -1
1885: 1774 1846 1858 1794 67 1870 1785 1790 1874 1861 1838 1881 1775 1828 1866 672 2334 -1
1886: 1797 1883 -1
1887: 1774 1775 1881 1828 1858 1846 1785 1794 1790 1870 1838 1861 67 1874 1866 1885 3002 3003 -1
1888: 1926 1774 668 1840 1818 1923 1925 1823 378 88 2371 1692 1686 1846 2409 67 -1
1889: 1774 1765 67 668 1828 1857 1724 1858 1846 -1
1890: 797 -1
1891: -1
1892: -1
1893: -1
1894: -1
1895: -1
1896: -1
1897: -1
1898: -1
1899: -1
1900: -1
1901: 1704 -1
1902: 661 1901 -1
1903: -1
1904: -1
1905: 1930 -1
1906: 1910 -1
1907: -1
1908: -1
1909: -1
1910: -1
1911: 378 2376 -1
1912: -1
1913: -1
1914: -1
1915: -1
1916: -1
1917: -1
1918: -1
1919: -1
1920: -1
1921: -1
1922: -1
1923: -1
1924: -1
1925: -1
1926: -1
1927: -1
1928: -1
1929: -1
1930: -1
1931: -1
1932: -1
1933: 1489 -1
1934: -1
1935: 1571 -1
1936: -1
1937: 70 1572 1573 -1
1938: 1489 70 1571 -1
1939: 2176 2486 2487 2488 2177 2489 2490 2491 2492 2493 2494 2495 2496 2497 2498 2499 2500 2501 2502 2503 2504 2505 2186 2506 -1
1940: 1701 -1
1941: 223 224 225 138 226 227 228 229 230 231 232 233 234 235 236 237 -1
1942: 453 -1
1943: 181 -1
1944: 1701 -1
1945: 223 224 225 138 226 227 228 229 230 231 232 233 234 235 236 237 -1
1946: 453 -1
1947: 2176 2486 2487 2488 2177 2489 2490 2491 2492 2493 2494 2495 2496 2497 2498 2499 2500 2501 2502 2503 2504 2505 2186 2506 -1
1948: 2017 2018 2019 2020 2021 2022 -1
1949: 181 -1
1950: 2376 567 -1
1951: 453 -1
1952: 180 181 -1
1953: 338 -1
1954: 180 181 -1
1955: 1489 1571 1573 -1
1956: 60 1489 1490 1601 1558 1559 1560 1561 1562 1563 1564 1565 1566 1567 1568 1569 1570 1571 1572 1573 -1
1957: 1489 1573 1572 -1
1958: -1
1959: 71 1969 1963 3367 -1
1960: 1814 2243 3429 3370 71 3354 100 666 2376 -1
1961: 6 71 2943 661 298 2450 740 3370 -1
1962: 71 2831 3354 2243 100 1719 1688 1735 36 2331 -1
1963: 71 -1
1964: 71 3 666 2309 -1
1965: 71 -1
1966: 3354 1719 1754 2243 662 281 2831 1900 1371 575 653 1704 2943 3015 2877 71 117 3356 1688 3429 867 1717 1756 -1
1967: 3370 2861 2885 1697 2987 71 -1
1968: 867 5 2331 3 3016 71 3183 1756 -1
1969: 71 -1
1970: -1
1971: 12 -1
1972: 72 1489 -1
1973: 72 2264 2905 1688 1719 -1
1974: 1711 2704 72 1814 -1
1975: 72 -1
1976: 758 72 2243 1375 1688 1719 5 62 1817 2905 2935 2974 2887 2853 2899 3417 -1
1977: 2905 72 -1
1978: 72 -1
1979: 72 -1
1980: 72 2905 1845 2412 1814 -1
1981: 72 3020 -1
1982: 2704 72 -1
1983: 72 -1
1984: 3429 2243 72 12 158 -1
1985: 1790 1009 72 668 653 -1
1986: 72 -1
1987: 684 -1
1988: 72 -1
1989: 2989 1900 758 2887 1719 72 2853 847 2964 2935 2243 2905 12 -1
1990: 12 2882 2989 72 140 -1
1991: 72 -1
1992: 72 758 -1
1993: 72 758 -1
1994: 2969 72 2831 1688 -1
1995: 72 11 -1
1996: 2282 2874 2968 72 1375 1009 1841 2243 2922 849 88 -1
1997: 1489 1460 72 1905 1661 2172 -1
1998: 657 2831 2243 72 2003 3002 3003 -1
1999: 138 2284 72 -1
2000: 3271 72 -1
2001: 1774 1818 680 3 72 1375 1810 2930 1714 11 1748 1726 743 3168 -1
2002: 72 2284 -1
2003: 72 657 2831 2243 672 2334 -1
2004: 72 1371 4 -1
2005: 72 -1
2006: 72 -1
2007: 2284 2831 1719 72 -1
2008: 72 1810 0 -1
2009: 72 12 2905 2887 -1
2010: 1460 11 2172 4 72 758 12 2023 3168 3372 849 60 -1
2011: 3333 2943 1054 73 1828 3348 3370 1735 1719 1717 3429 3012 1748 2831 -1
2012: 1828 3359 1735 3370 3348 2943 3447 2711 73 -1
2013: 3359 1828 2885 3348 3 3020 73 1901 1902 661 723 719 740 -1
2014: 1054 3 1371 73 1828 1735 3020 672 2334 -1
2015: 1828 1054 1735 1371 3020 3 73 2014 3002 3003 -1
2016: -1
2017: 2018 -1
2018: -1
2019: 2018 -1
2020: 2018 -1
2021: 2018 -1
2022: 2018 -1
2023: 2018 -1
2024: 2018 -1
2025: 2018 -1
2026: -1
2027: -1
2028: 2029 76 -1
2029: -1
2030: -1
2031: -1
2032: 2031 -1
2033: 2054 2038 2053 -1
2034: 2033 2044 2053 2054 -1
2035: 2033 2047 2048 2046 2053 2054 -1
2036: 2033 2048 2053 2054 -1
2037: 2033 2053 2054 -1
2038: 2033 2053 2054 -1
2039: 2033 2053 2054 -1
2040: -1
2041: -1
2042: -1
2043: -1
2044: -1
2045: -1
2046: -1
2047: -1
2048: 2054 -1
2049: 2033 2044 2053 2054 -1
2050: 2033 2044 2053 2054 -1
2051: 2033 2044 2053 2054 -1
2052: 2033 2053 2044 2054 -1
2053: -1
2054: -1
2055: 2033 2044 2053 2054 -1
2056: 2057 567 1161 -1
2057: 2831 79 -1
2058: -1
2059: 575 1754 1717 79 -1
2060: 79 -1
2061: 79 3207 -1
2062: 11 392 181 -1
2063: 79 -1
2064: 11 392 181 3260 -1
2065: 2376 2331 575 1754 1717 79 -1
2066: 2943 3445 -1
2067: 4 79 -1
2068: 79 3433 -1
2069: 79 -1
2070: 3377 3379 2329 1719 79 2922 510 867 149 -1
2071: 1371 20 1721 1817 2893 2874 2882 867 2899 1711 1812 2922 510 2935 2907 2973 758 2878 2984 3447 79 -1
2072: 79 -1
2073: 2899 2331 149 79 2922 62 2329 710 2860 672 -1
2074: 79 672 -1
2075: 3386 3445 734 3427 2299 3392 3389 3414 2928 3411 3429 731 3377 3396 79 3383 742 1699 3375 1719 2831 666 1735 -1
2076: 79 -1
2077: 2879 25 1006 867 853 594 12 49 79 167 2243 847 117 1460 1489 2331 -1
2078: 79 2074 3002 3003 -1
2079: 80 -1
2080: 3114 80 2084 -1
2081: 3114 80 2084 -1
2082: 3114 80 2084 -1
2083: 80 -1
2084: 2943 1719 3114 1735 80 1899 1845 83 1930 1696 2523 378 1460 1489 -1
2085: 1901 1712 1719 1725 298 1902 1754 1891 666 3183 2262 1842 2831 3429 117 80 2243 1460 -1
2086: 1748 80 2040 88 718 666 3429 2862 1810 594 672 -1
2087: 2243 378 80 -1
2088: 1748 80 1371 -1
2089: 2243 1688 80 -1
2090: 3114 80 2084 -1
2091: 3114 2084 80 -1
2092: 3114 80 2084 -1
2093: 2987 80 -1
2094: 2340 80 -1
2095: 867 2040 1748 1740 2878 80 -1
2096: 80 2831 -1
2097: 80 -1
2098: 3443 80 -1
2099: 3114 80 2084 -1
2100: 3114 80 2084 -1
2101: 3114 80 2084 -1
2102: 3114 80 2084 -1
2103: 2340 3114 80 2084 -1
2104: 1933 1934 1935 -1
2105: 2831 3403 1822 1054 2821 80 1371 -1
2106: 661 1735 117 1719 1748 1740 1741 80 1899 1902 1930 1714 2989 1905 -1
2107: 2108 -1
2108: -1
2109: -1
2110: 1930 -1
2111: 1930 -1
2112: -1
2113: 83 -1
2114: 83 -1
2115: 83 -1
2116: 1692 52 2987 83 2989 648 -1
2117: 2989 52 88 83 378 -1
2118: 158 -1
2119: 2878 1688 2879 88 2281 378 2371 1371 52 995 83 2339 -1
2120: 83 -1
2121: 83 -1
2122: 1905 1901 1899 1712 2987 83 -1
2123: 83 -1
2124: 1711 149 1754 1719 2243 2831 83 1688 2821 1466 867 9 3403 1930 1899 1905 1906 1910 2987 -1
2125: 378 83 2989 1692 -1
2126: 378 83 2989 1692 1930 -1
2127: 83 -1
2128: 1905 1718 83 1727 648 1930 -1
2129: 83 -1
2130: 1717 3367 2371 378 2989 1754 52 2369 83 1719 1900 1842 1692 -1
2131: 1371 2278 2856 1814 2831 1719 2264 575 2324 2243 79 1712 83 -1
2132: 83 -1
2133: -1
2134: -1
2135: 2134 -1
2136: 150 151 2137 2138 2139 2140 1055 -1
2137: -1
2138: -1
2139: -1
2140: -1
2141: 12 -1
2142: 12 -1
2143: 12 -1
2144: -1
2145: 86 -1
2146: 86 -1
2147: 86 -1
2148: 2281 86 -1
2149: 1900 2329 1926 3 667 1719 87 655 1914 -1
2150: 567 -1
2151: -1
2152: -1
2153: -1
2154: -1
2155: -1
2156: -1
2157: -1
2158: -1
2159: -1
2160: 2376 -1
2161: 3272 -1
2162: 567 -1
2163: 767 -1
2164: 567 -1
2165: 567 -1
2166: 88 2151 2152 2153 2154 2155 2156 2157 2158 2159 -1
2167: 88 1719 1754 2264 -1
2168: 88 672 -1
2169: 88 2168 -1
2170: 88 -1
2171: 1900 2329 88 2291 49 45 867 -1
2172: -1
2173: -1
2174: -1
2175: -1
2176: -1
2177: -1
2178: 2172 2173 2174 2175 -1
2179: 2172 2173 2174 2175 -1
2180: 2172 2173 2174 2175 -1
2181: 2172 2173 2174 2175 -1
2182: 2172 2173 2174 2175 -1
2183: 2172 2173 2174 2175 -1
2184: 2172 2173 2174 2175 -1
2185: 89 11 3383 1701 12 1452 1727 1054 1726 -1
2186: -1
2187: 2172 2173 2174 2175 -1
2188: 2172 2173 2174 2175 -1
2189: 1363 1009 89 849 2899 2854 -1
2190: 2172 2173 2174 2175 -1
2191: 2172 2173 2174 2175 -1
2192: 2172 2173 2174 2175 -1
2193: 2172 2173 2174 2175 -1
2194: 2172 2173 2174 2175 -1
2195: 1930 -1
2196: 2172 2173 2174 2175 -1
2197: 3383 -1
2198: 728 -1
2199: 1366 -1
2200: 90 1900 -1
2201: 90 -1
2202: 90 -1
2203: 90 -1
2204: 90 -1
2205: 90 1905 1754 -1
2206: 2943 281 3291 90 2280 2896 1817 2331 2264 1900 196 661 1735 2251 3 1925 1754 2243 2316 3442 3342 1688 1719 740 1756 -1
2207: -1
2208: 2209 2210 2211 2212 2213 2217 2218 2219 2220 2221 2222 2223 2224 2225 2226 -1
2209: 2207 2208 2214 2215 2216 2227 2228 2229 2230 2237 2238 2239 -1
2210: 2207 2208 2214 2215 2216 2227 2228 2229 2230 2237 2238 2239 -1
2211: 2207 2208 2214 2215 2216 2227 2228 2229 2230 2237 2238 2239 -1
2212: 2207 2208 2214 2215 2216 2227 2228 2229 2230 2237 2238 2239 -1
2213: 2207 2208 2214 2215 2216 2227 2228 2229 2230 2237 2238 2239 -1
2214: 2209 2210 2211 2212 2213 2217 2218 2219 2220 2221 2222 2223 2224 2225 2226 -1
2215: 2209 2210 2211 2212 2213 2217 2218 2219 2220 2221 2222 2223 2224 2225 2226 -1
2216: 2209 2210 2211 2212 2213 2217 2218 2219 2220 2221 2222 2223 2224 2225 2226 -1
2217: 2207 2208 2214 2215 2216 2227 2228 2229 2230 2237 2238 2239 -1
2218: 2207 2208 2214 2215 2216 2227 2228 2229 2230 2237 2238 2239 -1
2219: 2207 2208 2214 2215 2216 2227 2228 2229 2230 2237 2238 2239 -1
2220: 2207 2208 2214 2215 2216 2227 2228 2229 2230 2237 2238 2239 -1
2221: 2207 2208 2214 2215 2216 2227 2228 2229 2230 2237 2238 2239 -1
2222: 2207 2208 2214 2215 2216 2227 2228 2229 2230 2237 2238 2239 -1
2223: 2207 2208 2214 2215 2216 2227 2228 2229 2230 2237 2238 2239 -1
2224: 2207 2208 2214 2215 2216 2227 2228 2229 2230 2237 2238 2239 -1
2225: 2207 2208 2214 2215 2216 2227 2228 2229 2230 2237 2238 2239 -1
2226: 2207 2208 2214 2215 2216 2227 2228 2229 2230 2237 2238 2239 -1
2227: 2209 2210 2211 2212 2217 2218 2219 2220 2221 2222 2223 2224 2225 2226 -1
2228: 2209 2210 2211 2212 2217 2218 2219 2220 2221 2222 2223 2224 2225 2226 -1
2229: 2209 2210 2211 2212 2213 2217 2218 2219 2220 2221 2222 2223 2224 2225 2226 -1
2230: 2209 2210 2211 2212 2217 2218 2219 2220 2221 2222 2223 2224 2225 2226 -1
2231: -1
2232: 2209 2210 2211 2212 2213 2217 2218 2219 2220 2221 2222 2223 2224 2225 2226 -1
2233: 2209 2210 2211 2212 2213 2217 2218 2219 2220 2221 2222 2223 2224 2225 2226 -1
2234: 2209 2210 2211 2212 2213 2217 2218 2219 2220 2221 2222 2223 2224 2225 2226 -1
2235: 2209 2210 2211 2212 2213 2217 2218 2219 2220 2221 2222 2223 2224 2225 2226 -1
2236: 2209 2210 2211 2212 2213 2217 2218 2219 2220 2221 2222 2223 2224 2225 2226 -1
2237: 2209 2210 2211 2212 2213 2217 2218 2219 2220 2221 2222 2223 2224 2225 2226 -1
2238: 2209 2210 2211 2212 2213 2217 2218 2219 2220 2221 2222 2223 2224 2225 2226 -1
2239: 2209 2210 2211 2212 2217 2218 2219 2220 2221 2222 2223 2224 2225 2226 -1
2240: -1
2241: -1
2242: -1
2243: -1
2244: -1
2245: -1
2246: -1
2247: -1
2248: -1
2249: 2262 -1
2250: -1
2251: -1
2252: 2340 -1
2253: -1
2254: -1
2255: -1
2256: -1
2257: -1
2258: -1
2259: -1
2260: -1
2261: 2040 -1
2262: 2249 -1
2263: -1
2264: -1
2265: -1
2266: -1
2267: -1
2268: -1
2269: -1
2270: -1
2271: 2340 -1
2272: -1
2273: -1
2274: -1
2275: -1
2276: -1
2277: -1
2278: -1
2279: -1
2280: -1
2281: -1
2282: -1
2283: -1
2284: -1
2285: -1
2286: -1
2287: -1
2288: -1
2289: -1
2290: -1
2291: 2340 -1
2292: -1
2293: -1
2294: 453 -1
2295: -1
2296: -1
2297: -1
2298: -1
2299: -1
2300: 2340 -1
2301: -1
2302: -1
2303: -1
2304: 453 -1
2305: -1
2306: -1
2307: -1
2308: 758 -1
2309: -1
2310: -1
2311: 2400 -1
2312: -1
2313: -1
2314: -1
2315: -1
2316: -1
2317: -1
2318: -1
2319: -1
2320: -1
2321: -1
2322: -1
2323: -1
2324: -1
2325: -1
2326: -1
2327: -1
2328: -1
2329: -1
2330: 2365 -1
2331: 1717 -1
2332: -1
2333: -1
2334: -1
2335: -1
2336: -1
2337: 672 -1
2338: -1
2339: -1
2340: -1
2341: -1
2342: 96 1735 661 2885 3 740 -1
2343: 740 3437 96 -1
2344: 3367 44 3437 96 -1
2345: 44 96 740 -1
2346: 96 969 -1
2347: 0 -1
2348: 158 -1
2349: 158 -1
2350: 158 -1
2351: 158 -1
2352: 2347 -1
2353: 2347 -1
2354: 2347 -1
2355: 2347 -1
2356: 2347 -1
2357: 2347 -1
2358: 2347 -1
2359: 2347 -1
2360: 2347 -1
2361: 3231 3232 3233 3234 3248 3252 3240 3244 -1
2362: 97 1565 -1
2363: -1
2364: 98 -1
2365: -1
2366: 2367 98 -1
2367: -1
2368: -1
2369: -1
2370: -1
2371: -1
2372: -1
2373: 2363 2385 98 -1
2374: -1
2375: -1
2376: -1
2377: -1
2378: 2366 2243 98 2367 2377 1719 -1
2379: -1
2380: 2373 -1
2381: 2373 -1
2382: 2373 -1
2383: 2831 2373 -1
2384: 2373 -1
2385: 2373 -1
2386: 2373 -1
2387: 2373 -1
2388: 2373 -1
2389: 2373 -1
2390: -1
2391: -1
2392: -1
2393: -1
2394: -1
2395: -1
2396: -1
2397: -1
2398: -1
2399: -1
2400: -1
2401: 100 -1
2402: 1735 100 -1
2403: 3 124 3429 2309 2311 733 1735 2859 704 2261 2885 3447 -1
2404: 667 1735 2831 -1
2405: 101 2406 -1
2406: 101 672 2334 -1
2407: 2243 1697 1712 102 1737 1726 2409 2878 -1
2408: 102 -1
2409: -1
2410: 102 -1
2411: 758 102 1703 2409 -1
2412: 102 -1
2413: 102 -1
2414: 1748 1737 102 2878 2409 -1
2415: 102 -1
2416: 2110 1812 102 1819 1820 2243 849 -1
2417: 102 -1
2418: -1
2419: 2418 -1
2420: -1
2421: -1
2422: -1
2423: -1
2424: -1
2425: -1
2426: -1
2427: -1
2428: -1
2429: -1
2430: 2421 2422 2423 2424 2425 2426 2427 2428 2429 -1
2431: 1460 1489 2704 453 -1
2432: 106 2433 -1
2433: 106 2432 -1
2434: 1754 106 281 -1
2435: 2433 2432 -1
2436: 2432 -1
2437: 666 106 -1
2438: 106 1754 -1
2439: 117 106 2831 1688 -1
2440: 106 -1
2441: 106 -1
2442: 106 3429 -1
2443: 1806 106 -1
2444: 106 -1
2445: 2837 1754 3343 2701 106 281 1719 -1
2446: 106 2892 2831 3343 2433 -1
2447: 2243 53 2976 106 1397 100 117 -1
2448: 106 -1
2449: -1
2450: 100 107 -1
2451: -1
2452: -1
2453: 3430 3412 3352 2456 107 -1
2454: 2926 666 1735 3 107 -1
2455: 2253 3383 3384 3 3386 107 745 661 3405 731 3418 3419 3427 3436 -1
2456: -1
2457: 107 3429 2943 672 -1
2458: 728 1371 3363 107 -1
2459: 107 -1
2460: -1
2461: 3429 2943 107 2457 -1
2462: 3429 2943 107 -1
2463: 2339 695 107 733 745 1701 661 -1
2464: 2334 107 2243 2561 1756 2704 -1
2465: 2339 695 107 2878 -1
2466: 3353 2561 1731 181 594 180 2133 1711 2878 2053 1489 2339 695 107 745 456 -1
2467: 2989 745 107 2077 1842 -1
2468: -1
2469: 107 -1
2470: 2936 745 107 758 1733 3448 -1
2471: 702 701 107 -1
2472: -1
2473: -1
2474: -1
2475: -1
2476: -1
2477: -1
2478: -1
2479: -1
2480: -1
2481: 758 1011 -1
2482: 2473 2474 2475 2476 2477 2478 2479 2480 -1
2483: -1
2484: 2420 2483 -1
2485: 2483 2484 -1
2486: -1
2487: -1
2488: -1
2489: -1
2490: -1
2491: -1
2492: -1
2493: -1
2494: -1
2495: -1
2496: -1
2497: -1
2498: -1
2499: -1
2500: -1
2501: -1
2502: -1
2503: -1
2504: -1
2505: -1
2506: -1
2507: -1
2508: -1
2509: -1
2510: -1
2511: -1
2512: -1
2513: -1
2514: 2518 -1
2515: 2518 -1
2516: 2518 -1
2517: 2518 2338 1719 9 -1
2518: -1
2519: 2518 -1
2520: -1
2521: 2522 2525 2527 -1
2522: 2523 -1
2523: 2527 -1
2524: 2520 2522 2525 2527 -1
2525: 2523 2527 -1
2526: 2527 -1
2527: -1
2528: -1
2529: -1
2530: -1
2531: -1
2532: -1
2533: 149 -1
2534: 113 1905 2282 -1
2535: 113 -1
2536: 113 -1
2537: 113 -1
2538: 1712 113 -1
2539: 2529 1814 113 149 2831 1725 2243 -1
2540: 2831 1719 59 1900 2882 114 758 2269 867 -1
2541: 100 2295 758 745 49 736 114 1711 666 26 117 2334 -1
2542: -1
2543: 3370 3333 3 2943 3348 1371 666 679 728 3363 35 1923 49 867 114 658 2243 3350 1701 3410 2295 2711 1851 -1
2544: 1900 114 49 -1
2545: 1717 88 45 49 1701 114 2252 3179 4 1643 -1
2546: -1
2547: 2546 -1
2548: 2546 -1
2549: 2550 2554 2555 2556 2557 1688 2558 2559 2560 2561 2562 2563 2564 2568 2569 2570 -1
2550: -1
2551: 2557 2554 2555 2559 -1
2552: 2550 2554 -1
2553: 2550 2554 2555 2556 2557 1688 2558 2559 2560 2561 2562 2563 2564 2568 2569 2570 -1
2554: -1
2555: 2549 2556 1688 2559 -1
2556: 2549 2555 2558 2557 2559 2564 1688 -1
2557: -1
2558: -1
2559: -1
2560: -1
2561: -1
2562: -1
2563: -1
2564: -1
2565: -1
2566: -1
2567: -1
2568: 3027 2549 -1
2569: 2558 -1
2570: -1
2571: -1
2572: -1
2573: -1
2574: -1
2575: -1
2576: -1
2577: -1
2578: -1
2579: -1
2580: -1
2581: -1
2582: -1
2583: -1
2584: -1
2585: -1
2586: -1
2587: -1
2588: -1
2589: -1
2590: -1
2591: -1
2592: -1
2593: -1
2594: -1
2595: -1
2596: -1
2597: -1
2598: -1
2599: -1
2600: -1
2601: -1
2602: -1
2603: -1
2604: -1
2605: -1
2606: -1
2607: -1
2608: -1
2609: -1
2610: -1
2611: -1
2612: -1
2613: -1
2614: -1
2615: -1
2616: -1
2617: -1
2618: -1
2619: -1
2620: -1
2621: -1
2622: -1
2623: -1
2624: -1
2625: -1
2626: -1
2627: -1
2628: -1
2629: -1
2630: -1
2631: -1
2632: -1
2633: -1
2634: -1
2635: -1
2636: -1
2637: -1
2638: -1
2639: -1
2640: -1
2641: -1
2642: -1
2643: -1
2644: -1
2645: -1
2646: -1
2647: -1
2648: -1
2649: -1
2650: -1
2651: -1
2652: -1
2653: -1
2654: -1
2655: -1
2656: -1
2657: -1
2658: -1
2659: -1
2660: -1
2661: -1
2662: -1
2663: -1
2664: -1
2665: -1
2666: -1
2667: -1
2668: -1
2669: -1
2670: -1
2671: -1
2672: -1
2673: -1
2674: -1
2675: -1
2676: -1
2677: -1
2678: -1
2679: 3429 1735 -1
2680: -1
2681: -1
2682: -1
2683: -1
2684: -1
2685: -1
2686: -1
2687: -1
2688: -1
2689: -1
2690: -1
2691: -1
2692: -1
2693: -1
2694: 1766 1688 680 3 1375 117 1718 702 -1
2695: 117 -1
2696: 1373 2831 2450 2519 4 2987 1848 1719 117 1371 700 1754 2878 1704 666 702 1905 3348 -1
2697: -1
2698: 2697 -1
2699: 728 4 758 661 849 3 -1
2700: 118 -1
2701: 118 -1
2702: 1763 118 -1
2703: -1
2704: -1
2705: -1
2706: -1
2707: -1
2708: 2831 119 672 2334 -1
2709: 119 -1
2710: 119 -1
2711: -1
2712: 119 2831 -1
2713: 119 -1
2714: -1
2715: 1900 2264 119 -1
2716: 867 1847 1719 1777 680 1088 1764 1754 740 1033 3348 119 1366 -1
2717: 1088 2875 853 2330 2831 1832 2278 758 26 2865 117 2989 1719 2932 2264 119 -1
2718: -1
2719: 1933 1934 1935 1955 1956 1957 1958 -1
2720: 1372 -1
2721: 138 119 3443 2913 -1
2722: 2278 119 -1
2723: 2243 -1
2724: 1701 2714 119 683 -1
2725: 119 -1
2726: 2892 281 2909 42 2264 2331 2330 1088 2714 2831 1688 1719 119 3354 655 867 1371 1754 2913 1711 -1
2727: 2706 -1
2728: 119 -1
2729: 1719 -1
2730: 2875 119 -1
2731: 72 119 -1
2732: 119 845 2831 2295 142 1371 1697 1719 1754 1810 1688 -1
2733: 1933 1934 1935 -1
2734: 1933 1934 1935 -1
2735: 2450 2040 700 2831 2943 3403 2861 100 1719 0 3348 2987 3370 2901 1754 2377 117 3 1848 2331 1688 575 3429 740 2264 121 661 1735 2923 2453 2243 1704 2295 2262 3291 2029 1717 2042 2991 1900 281 149 657 3409 1155 298 -1
2736: 2739 2759 2757 -1
2737: -1
2738: 2739 -1
2739: 2760 2746 2736 2745 2765 2770 2768 2769 2755 2776 2778 2777 2775 2740 2741 2742 2743 2744 2771 2772 2784 -1
2740: 2739 2759 2756 2758 2781 2782 2783 -1
2741: 2739 2759 2756 2758 2781 2782 2783 -1
2742: 2746 2737 2739 2745 2755 2754 2759 2774 2775 2776 2777 2778 2779 2780 2756 2758 2781 2782 2783 2784 2789 -1
2743: 2739 2759 -1
2744: 2739 2759 2781 2758 -1
2745: -1
2746: -1
2747: -1
2748: -1
2749: -1
2750: -1
2751: -1
2752: -1
2753: -1
2754: 2739 2756 2759 2761 2742 -1
2755: 2739 2759 2742 2781 2758 -1
2756: 2760 2746 2736 2765 2755 2745 2770 2768 2769 2776 2778 2777 2775 2740 2741 2742 2743 2744 2771 2772 2784 -1
2757: 2746 2760 2736 2755 2745 2765 2770 2768 2769 2776 2778 2777 2775 2740 2741 2742 2743 2744 2771 2772 2784 -1
2758: 2760 2746 2736 2755 2745 2765 2770 2768 2769 2776 2778 2777 2775 2740 2741 2742 2743 2744 2771 2772 2784 -1
2759: 2746 2760 2736 2765 2753 2745 2770 2768 2769 2755 2776 2778 2777 2775 2740 2741 2742 2743 2744 2771 2772 2784 -1
2760: -1
2761: 2784 2736 -1
2762: -1
2763: 2784 2736 -1
2764: 2784 2736 -1
2765: 2739 2759 2774 2782 -1
2766: 2739 2759 2742 -1
2767: 2739 2759 2761 2742 -1
2768: 2739 2759 2774 2782 -1
2769: 2739 -1
2770: 2739 2759 2782 -1
2771: 2739 2759 2783 2756 2758 2781 2782 -1
2772: 2739 2759 2756 2758 2781 2782 2783 -1
2773: 2739 2759 2782 -1
2774: 2760 2746 2736 2770 2754 2745 2765 2768 2769 2755 2776 2778 2777 2775 2740 2741 2742 2743 2744 2771 2772 2784 -1
2775: -1
2776: -1
2777: -1
2778: -1
2779: -1
2780: -1
2781: 2746 2760 2736 2740 2741 2742 2744 2743 2771 -1
2782: 2746 2760 2736 2745 2765 2770 2768 2769 2755 2776 2778 2777 2775 2740 2741 2742 2743 2744 2771 2772 2784 -1
2783: 2736 2746 2740 2741 2742 2743 2744 2745 2771 2760 2765 2770 2768 2769 2755 2776 2778 2777 2775 2772 2784 -1
2784: -1
2785: 2739 -1
2786: 2739 -1
2787: 2739 -1
2788: 2739 -1
2789: -1
2790: 2739 -1
2791: 2739 -1
2792: 2739 -1
2793: 2739 2748 2749 2750 2758 2759 2756 2781 2782 2783 -1
2794: 2739 2748 2749 2750 2759 2756 2758 2781 2782 2783 -1
2795: 2739 2748 2749 2750 2751 2759 2764 2756 2758 2781 2782 2783 -1
2796: 2739 2748 2749 2750 2751 2759 2761 2756 2758 2781 2782 2783 -1
2797: 2739 2748 2749 2750 2759 2756 2758 2781 2782 2783 -1
2798: 2739 2748 2749 2750 2751 2752 2759 2756 2758 2781 2782 2783 -1
2799: 2739 2748 2749 2750 2759 2756 2758 2781 2782 2783 -1
2800: -1
2801: 123 1735 3348 2831 672 -1
2802: 123 -1
2803: 123 2831 3348 1735 2801 3002 3003 -1
2804: 123 3403 3419 -1
2805: 1754 123 59 1900 1719 2987 2243 867 -1
2806: 2986 2943 867 1717 123 2264 1721 298 2262 -1
2807: 1933 1934 1935 -1
2808: 2861 2885 149 123 700 -1
2809: 123 -1
2810: 1933 1934 1935 -1
2811: 1754 1719 867 2264 53 2243 45 123 2331 2831 -1
2812: 1900 2875 123 -1
2813: 3 -1
2814: 2885 -1
2815: 124 2040 2943 3 740 3437 100 2885 3429 666 710 700 3377 2309 1763 2711 1735 661 3016 3348 1371 298 1688 2861 704 2985 2278 2295 2273 2912 -1
2816: 2703 -1
2817: -1
2818: -1
2819: -1
2820: -1
2821: -1
2822: -1
2823: -1
2824: -1
2825: -1
2826: -1
2827: -1
2828: -1
2829: -1
2830: -1
2831: 1900 -1
2832: -1
2833: -1
2834: -1
2835: 2340 -1
2836: -1
2837: -1
2838: -1
2839: -1
2840: -1
2841: -1
2842: 453 -1
2843: -1
2844: -1
2845: -1
2846: -1
2847: -1
2848: -1
2849: -1
2850: -1
2851: 1900 2850 2849 -1
2852: -1
2853: -1
2854: -1
2855: -1
2856: -1
2857: -1
2858: -1
2859: -1
2860: -1
2861: -1
2862: -1
2863: -1
2864: -1
2865: -1
2866: -1
2867: -1
2868: -1
2869: -1
2870: -1
2871: -1
2872: -1
2873: -1
2874: -1
2875: -1
2876: -1
2877: -1
2878: -1
2879: -1
2880: -1
2881: -1
2882: -1
2883: -1
2884: -1
2885: -1
2886: -1
2887: -1
2888: -1
2889: -1
2890: -1
2891: -1
2892: -1
2893: -1
2894: -1
2895: -1
2896: -1
2897: 2340 -1
2898: -1
2899: -1
2900: -1
2901: -1
2902: -1
2903: -1
2904: -1
2905: -1
2906: -1
2907: -1
2908: -1
2909: -1
2910: -1
2911: 453 -1
2912: -1
2913: -1
2914: -1
2915: -1
2916: -1
2917: 12 -1
2918: -1
2919: -1
2920: -1
2921: -1
2922: -1
2923: -1
2924: -1
2925: -1
2926: -1
2927: -1
2928: -1
2929: -1
2930: -1
2931: -1
2932: -1
2933: -1
2934: -1
2935: -1
2936: -1
2937: -1
2938: -1
2939: -1
2940: -1
2941: -1
2942: -1
2943: -1
2944: -1
2945: -1
2946: -1
2947: -1
2948: -1
2949: -1
2950: -1
2951: -1
2952: -1
2953: -1
2954: -1
2955: -1
2956: -1
2957: -1
2958: -1
2959: -1
2960: -1
2961: 453 -1
2962: -1
2963: -1
2964: -1
2965: 1719 -1
2966: -1
2967: -1
2968: -1
2969: -1
2970: -1
2971: -1
2972: -1
2973: -1
2974: -1
2975: -1
2976: -1
2977: -1
2978: -1
2979: -1
2980: -1
2981: -1
2982: -1
2983: -1
2984: -1
2985: -1
2986: -1
2987: -1
2988: -1
2989: -1
2990: -1
2991: -1
2992: -1
2993: -1
2994: -1
2995: -1
2996: -1
2997: -1
2998: 3004 1924 1920 -1
2999: -1
3000: -1
3001: -1
3002: -1
3003: -1
3004: 2996 2997 2998 2999 3000 3001 3002 3003 -1
3005: 3012 -1
3006: 3012 3370 3021 3016 3020 298 3017 666 3024 3116 100 2885 2264 740 1688 2943 3348 2309 -1
3007: 3012 -1
3008: 3012 -1
3009: -1
3010: 3012 3016 3429 -1
3011: 3012 740 3021 3022 3023 3018 3024 3025 661 3017 3026 658 -1
3012: -1
3013: -1
3014: -1
3015: -1
3016: -1
3017: 453 567 -1
3018: -1
3019: -1
3020: -1
3021: 453 567 -1
3022: -1
3023: -1
3024: -1
3025: 3370 -1
3026: 3116 -1
3027: -1
3028: -1
3029: -1
3030: -1
3031: -1
3032: 648 -1
3033: 3029 -1
3034: 3036 -1
3035: 3036 -1
3036: -1
3037: -1
3038: 3037 -1
3039: 3037 -1
3040: -1
3041: 3037 -1
3042: -1
3043: -1
3044: 3045 133 3047 3048 -1
3045: 3044 3048 -1
3046: 3045 133 -1
3047: 3044 3048 -1
3048: 3044 3045 133 3046 -1
3049: -1
3050: -1
3051: -1
3052: -1
3053: -1
3054: -1
3055: -1
3056: -1
3057: -1
3058: -1
3059: -1
3060: -1
3061: -1
3062: -1
3063: -1
3064: -1
3065: -1
3066: -1
3067: 3045 133 3047 3048 -1
3068: 3045 133 3047 3048 -1
3069: 3045 133 3047 3048 -1
3070: 3045 133 3047 3048 -1
3071: 3045 133 3047 3048 -1
3072: 3045 133 -1
3073: 3047 133 3045 3048 -1
3074: 3044 3048 -1
3075: 3047 133 3045 3048 -1
3076: 3045 133 3047 3048 -1
3077: 3045 133 3047 3048 -1
3078: 3045 133 3047 3048 -1
3079: 3045 133 3047 3048 -1
3080: 3044 3048 -1
3081: 3044 3048 -1
3082: 3044 3048 -1
3083: 3044 3048 -1
3084: 3044 3048 -1
3085: 3044 3048 -1
3086: 3044 3048 -1
3087: 3044 3048 -1
3088: 3044 3048 -1
3089: 3044 3048 -1
3090: 3045 133 3047 3048 -1
3091: 3045 133 3047 3048 -1
3092: 3045 133 3047 3048 -1
3093: 3047 133 3045 3048 -1
3094: 3045 133 -1
3095: 3045 133 3047 3048 -1
3096: 3045 133 3047 3048 -1
3097: 3045 133 3047 3048 -1
3098: 3047 133 3045 3048 -1
3099: 3047 133 3045 3048 -1
3100: 3047 133 3045 3048 -1
3101: 3044 3048 -1
3102: 3044 3048 -1
3103: 3044 3048 -1
3104: 3044 3048 -1
3105: 3044 3048 -1
3106: 3044 3048 -1
3107: 3044 3048 -1
3108: 3047 133 3045 3048 -1
3109: 3045 133 -1
3110: 3045 133 3047 3048 -1
3111: -1
3112: -1
3113: -1
3114: 567 -1
3115: -1
3116: -1
3117: -1
3118: -1
3119: 4 1701 847 49 107 36 -1
3120: 4 1701 3179 16 -1
3121: -1
3122: -1
3123: 672 -1
3124: 2264 2850 1900 3403 3443 1814 149 2824 2987 136 -1
3125: 3367 2264 136 -1
3126: 1688 867 2243 281 2843 1900 1754 3161 136 -1
3127: 3161 1688 2883 136 -1
3128: 2848 867 2243 149 2824 136 -1
3129: 2851 2264 3161 136 -1
3130: 136 2850 -1
3131: 1053 1719 2243 3161 3403 2264 867 -1
3132: 0 2824 136 3161 -1
3133: 581 2831 2243 1900 3403 1053 3161 25 1754 1371 1719 867 136 1688 2281 2885 -1
3134: 1661 867 2987 136 2243 -1
3135: 136 -1
3136: 2907 2831 1371 136 -1
3137: 136 3161 -1
3138: 1814 740 150 2264 117 2331 1842 2986 2946 136 2291 0 2831 3267 -1
3139: 2831 281 2848 867 2835 2331 2824 3403 2264 1900 136 3002 3003 -1
3140: 739 136 281 -1
3141: 1731 136 -1
3142: 1933 1934 1935 -1
3143: 2831 2243 2907 1900 867 1717 657 -1
3144: 136 1489 -1
3145: 158 -1
3146: 867 136 1711 -1
3147: 3161 136 -1
3148: 149 -1
3149: 1719 867 25 3403 136 1688 2243 3260 869 1900 2831 2264 1754 658 2987 117 1711 1371 -1
3150: 136 2824 2243 1719 -1
3151: 3161 149 1719 2824 136 3403 -1
3152: 136 -1
3153: 2848 2243 136 -1
3154: 136 -1
3155: 136 149 2824 -1
3156: 2827 867 2329 150 1719 1754 136 1721 1711 2831 -1
3157: 136 3142 1721 2824 -1
3158: 136 -1
3159: 136 3161 2848 3 1371 -1
3160: 136 -1
3161: 136 -1
3162: 2264 136 2848 -1
3163: 1754 1814 1717 1088 136 3161 2831 2264 1719 2909 2243 2711 3403 -1
3164: 136 158 3183 1688 -1
3165: 136 3 3125 -1
3166: 2848 136 3161 -1
3167: 1900 -1
3168: -1
3169: 1460 -1
3170: 3168 1754 -1
3171: -1
3172: 3168 137 3175 3002 3003 -1
3173: 3168 137 -1
3174: 137 -1
3175: 137 3168 672 -1
3176: 1933 1934 1935 1955 1956 1957 1958 -1
3177: -1
3178: -1
3179: -1
3180: 138 -1
3181: 138 -1
3182: 138 -1
3183: -1
3184: -1
3185: 139 -1
3186: 1735 139 3393 3183 -1
3187: 3409 139 1814 2243 2760 2331 -1
3188: 139 2264 2243 867 2878 1823 1900 1719 -1
3189: 171 2760 2331 9 139 3183 1739 -1
3190: 2243 3184 139 -1
3191: 1814 3409 139 -1
3192: 2918 140 2831 1363 672 2334 -1
3193: 1712 140 1720 672 -1
3194: 140 -1
3195: 1363 2918 140 3192 3002 3003 -1
3196: 140 1009 1193 3201 2243 -1
3197: 140 1829 1817 -1
3198: 140 2987 3201 1688 -1
3199: 140 2243 -1
3200: 453 -1
3201: 453 -1
3202: 1846 1781 1805 1774 1685 1818 1770 1819 1859 1827 1766 1814 1794 149 1721 731 140 1371 -1
3203: 2831 1363 140 2918 -1
3204: 453 -1
3205: -1
3206: 3222 141 3224 -1
3207: -1
3208: -1
3209: -1
3210: -1
3211: -1
3212: -1
3213: -1
3214: -1
3215: 3206 141 -1
3216: 453 -1
3217: 1899 1910 1905 1712 141 2264 1814 1711 2282 1704 -1
3218: 740 1719 2861 141 3208 661 281 1735 2943 1897 -1
3219: 141 -1
3220: 141 -1
3221: 1688 -1
3222: -1
3223: 1371 281 141 3229 3224 3222 -1
3224: -1
3225: 3207 -1
3226: 141 3207 -1
3227: 141 1905 -1
3228: 141 3002 3003 -1
3229: -1
3230: 117 -1
3231: -1
3232: -1
3233: -1
3234: -1
3235: 2331 142 -1
3236: 12 11 142 1930 -1
3237: 142 -1
3238: 2831 142 -1
3239: 12 733 142 -1
3240: -1
3241: 869 3436 -1
3242: 142 -1
3243: 1900 142 -1
3244: -1
3245: 142 740 3002 3003 -1
3246: 1734 3373 -1
3247: 1711 1688 -1
3248: -1
3249: 3448 142 2915 1754 2885 2704 -1
3250: 142 1766 3349 2274 -1
3251: 3373 142 -1
3252: -1
3253: 1460 1688 -1
3254: 1905 1727 1661 149 1900 1712 11 142 1719 -1
3255: 3256 3257 3258 3259 3260 3261 -1
3256: 392 -1
3257: 11 392 -1
3258: 3259 -1
3259: 392 11 3258 3257 3256 -1
3260: -1
3261: -1
3262: 3255 3259 3261 -1
3263: 3255 3259 3261 -1
3264: -1
3265: -1
3266: -1
3267: -1
3268: -1
3269: -1
3270: 3264 -1
3271: -1
3272: -1
3273: 453 -1
3274: 453 -1
3275: 593 2329 1701 145 3328 745 758 710 1814 1372 2695 5 -1
3276: 3372 728 3350 3383 3371 2040 1905 742 145 -1
3277: 3336 281 728 3351 3365 3388 3389 3350 3394 3430 3436 3433 3442 593 145 736 2243 -1
3278: 3339 3373 3396 1704 3 3430 3370 593 145 2243 3420 3428 667 -1
3279: 867 1780 2295 2243 145 -1
3280: 3396 970 3418 3430 1848 849 1717 2243 49 758 3360 -1
3281: 567 -1
3282: -1
3283: 3284 -1
3284: 146 -1
3285: 146 3291 453 -1
3286: 146 -1
3287: 146 -1
3288: 146 -1
3289: 146 2376 -1
3290: 146 -1
3291: 3285 146 -1
3292: 2365 146 -1
3293: 146 2896 -1
3294: 146 -1
3295: 146 -1
3296: 146 -1
3297: 146 -1
3298: 146 -1
3299: 146 -1
3300: 146 -1
3301: 146 -1
3302: 146 -1
3303: 3429 2987 146 -1
3304: 9 146 2831 -1
3305: 146 -1
3306: 146 -1
3307: 146 -1
3308: 867 3411 2945 1900 146 1848 -1
3309: 146 2885 -1
3310: 1719 1735 146 2264 -1
3311: 146 298 1900 -1
3312: 1460 146 2987 2334 1901 0 117 281 869 181 2831 2331 150 1754 2561 1371 1688 575 2262 1900 1814 1719 1717 2264 1272 3409 594 718 -1
3313: 146 -1
3314: 146 -1
3315: 146 -1
3316: 146 -1
3317: 146 1754 150 1489 2243 2831 1735 3354 441 1900 3373 -1
3318: 146 -1
3319: 146 3429 3020 -1
3320: 146 -1
3321: 146 -1
3322: 867 146 1900 -1
3323: 146 -1
3324: 146 -1
3325: 146 -1
3326: 146 -1
3327: 1460 1719 146 2875 2243 2334 -1
3328: -1
3329: -1
3330: -1
3331: -1
3332: -1
3333: -1
3334: 1692 -1
3335: -1
3336: -1
3337: -1
3338: -1
3339: -1
3340: -1
3341: 2376 453 -1
3342: -1
3343: -1
3344: -1
3345: -1
3346: -1
3347: -1
3348: -1
3349: -1
3350: 3424 2243 -1
3351: 281 3343 -1
3352: -1
3353: -1
3354: -1
3355: -1
3356: -1
3357: -1
3358: 3370 -1
3359: 2340 -1
3360: -1
3361: -1
3362: 728 -1
3363: -1
3364: -1
3365: 3349 3332 3333 3352 453 -1
3366: 3341 3365 1719 -1
3367: -1
3368: 3370 -1
3369: -1
3370: -1
3371: 1366 -1
3372: -1
3373: -1
3374: -1
3375: -1
3376: -1
3377: -1
3378: -1
3379: -1
3380: -1
3381: 567 -1
3382: -1
3383: -1
3384: -1
3385: -1
3386: -1
3387: 181 -1
3388: -1
3389: -1
3390: 567 -1
3391: -1
3392: 567 -1
3393: 567 -1
3394: -1
3395: -1
3396: -1
3397: -1
3398: -1
3399: -1
3400: -1
3401: -1
3402: -1
3403: -1
3404: 453 -1
3405: -1
3406: -1
3407: -1
3408: -1
3409: -1
3410: -1
3411: -1
3412: -1
3413: -1
3414: -1
3415: -1
3416: -1
3417: -1
3418: -1
3419: -1
3420: 2885 -1
3421: -1
3422: -1
3423: 3338 -1
3424: -1
3425: -1
3426: -1
3427: -1
3428: -1
3429: -1
3430: -1
3431: -1
3432: 453 2340 -1
3433: -1
3434: -1
3435: -1
3436: -1
3437: -1
3438: -1
3439: -1
3440: -1
3441: -1
3442: -1
3443: -1
3444: -1
3445: -1
3446: -1
3447: -1
3448: -1
3449: -1
3450: 3449 -1
3451: 1900 149 2885 2915 3375 2243 672 -1
3452: 62 3 1748 1814 1723 2331 662 1719 149 1711 2243 3448 2281 2835 2875 2479 2968 -1
3453: 3448 1710 49 2989 52 378 83 -1
3454: 149 3375 2915 2243 2885 3451 3002 3003 -1
3455: 1460 1489 2915 149 1900 2885 3375 2243 672 -1
3456: 593 2912 1798 1805 1816 1823 1813 3 1796 1819 1820 1831 2928 1827 667 1821 1806 1781 1818 3377 2907 149 1688 1822 1838 1849 1785 1683 1790 1774 2909 2295 1760 1792 1857 1770 1764 1772 1686 1685 1766 1769 1752 1875 1859 1724 1733 3415 1746 3397 3363 2831 668 1839 2410 658 -1
3457: 1711 149 2243 3354 -1
3458: 149 728 100 -1
3459: 3429 3441 3418 1814 3444 3445 3335 1905 1906 1712 1910 666 3436 3442 1717 3383 3397 149 1735 1897 1845 3 -1
