0: 12 14 22 27 125 135 166 167 172 173 174 176 286 403 470 471 472 495 585 586 609 638 643 659 775 776 777 783 793 865 1059 2008 2347 2735 3132 3138 3312 -1
1: 30 182 183 184 185 186 187 188 189 190 191 192 193 194 195 196 197 198 199 200 201 265 508 -1
2: 203 204 205 206 207 208 209 -1
3: 148 162 185 186 188 203 204 208 210 211 212 213 214 215 217 218 219 220 221 286 299 302 304 313 314 450 462 496 508 593 596 597 599 613 638 770 784 787 789 819 1113 1145 1153 1342 1365 1455 1462 1463 1964 1968 2001 2013 2014 2015 2149 2206 2342 2403 2454 2455 2543 2694 2699 2735 2813 2815 3159 3165 3278 3452 3456 3459 -1
4: 28 148 172 188 195 203 204 208 223 238 239 240 241 242 243 245 246 247 248 249 250 251 252 253 254 255 256 257 258 259 261 262 263 265 267 268 269 270 271 272 273 274 275 276 277 278 279 280 325 335 336 337 464 495 504 597 598 609 617 622 638 646 771 773 782 863 864 1101 1113 1201 1368 1393 1640 1643 1656 1850 2004 2010 2067 2545 2696 2699 3119 3120 -1
5: 185 282 283 284 285 286 288 289 290 291 292 295 296 297 1046 1183 1636 1968 1976 3275 -1
6: 209 256 298 302 304 305 306 307 308 309 310 311 312 313 314 315 316 317 318 593 1447 1961 -1
7: 209 319 320 321 322 323 324 325 326 328 -1
8: 27 135 166 -1
9: 275 280 332 333 334 335 336 337 338 339 1120 1122 1626 1632 1642 2124 2517 3189 3304 -1
10: -1
11: 61 67 170 292 392 393 394 395 396 397 398 399 400 401 402 403 404 405 406 407 408 409 410 411 412 413 414 417 418 419 420 421 422 423 424 425 426 427 428 429 430 431 432 433 434 435 436 437 438 439 496 607 617 628 988 993 996 1000 1025 1105 1108 1110 1111 1112 1116 1118 1120 1125 1336 1356 1361 1653 1865 1995 2001 2010 2062 2064 2185 3236 3254 3257 3259 -1
12: 43 170 178 240 241 242 243 272 283 336 401 402 403 410 411 418 430 431 462 487 495 562 568 572 615 622 628 687 765 865 988 993 996 1000 1025 1046 1050 1055 1056 1057 1058 1060 1061 1062 1085 1093 1105 1108 1110 1111 1112 1118 1120 1125 1134 1344 1346 1361 1486 1638 1640 1643 1644 1653 1856 1971 1984 1989 1990 2009 2010 2077 2141 2142 2143 2185 2917 3236 3239 -1
13: 185 209 451 457 458 459 460 461 462 463 464 465 466 467 468 -1
14: -1
15: 93 474 476 477 478 479 559 -1
16: 93 185 195 247 290 291 292 332 339 476 484 485 487 488 489 491 492 493 494 495 496 497 498 499 501 502 503 504 506 507 508 509 510 511 512 513 514 559 1093 3120 -1
17: -1
18: 549 550 551 552 553 554 555 556 -1
19: 37 93 195 476 501 558 559 560 1083 -1
20: 126 561 562 564 565 566 2071 -1
21: 568 569 570 571 572 573 574 575 576 577 579 580 581 584 -1
22: -1
23: -1
24: 332 339 478 484 485 494 501 502 509 513 593 595 596 597 598 599 -1
25: 161 286 488 562 600 601 603 604 605 606 607 608 609 610 611 612 613 614 615 616 617 618 619 620 621 622 623 624 625 626 627 628 629 630 631 632 633 634 635 636 637 638 639 640 641 642 643 645 646 773 1083 1654 2077 3133 3149 -1
26: 178 267 282 285 290 292 338 450 502 512 562 611 659 779 790 1042 1081 1197 1394 2541 2717 -1
27: -1
28: 508 687 688 -1
29: 689 690 692 693 -1
30: -1
31: -1
32: -1
33: 678 -1
34: 93 177 476 559 764 765 770 771 772 773 -1
35: 195 204 267 775 776 778 779 780 781 782 783 784 785 786 787 788 789 791 792 793 794 795 2543 -1
36: 27 135 161 167 299 467 638 659 805 822 823 1962 3119 -1
37: -1
38: 862 863 864 865 866 868 870 1081 -1
39: -1
40: 30 185 307 312 418 450 465 562 638 646 819 969 977 978 979 985 986 987 988 989 993 994 995 996 997 999 1000 1001 1007 1008 1393 -1
41: -1
42: 161 167 291 292 625 1030 1031 1032 1034 1035 1036 1037 1038 1039 1041 1042 1043 1044 1045 1046 1047 1048 1049 1050 1051 1052 1053 1093 2726 -1
43: 12 243 1025 1059 -1
44: 210 211 214 467 1064 1065 1066 1067 1068 1069 1070 1071 1072 1073 2344 2345 -1
45: 167 282 285 286 292 309 502 562 625 634 779 780 994 1034 1038 1042 1075 1076 1077 1079 1080 1081 1082 1083 1084 1085 1086 1087 1089 1090 1091 1092 1093 1094 1095 1096 1097 1098 1100 1101 1102 1124 1187 1394 2171 2545 2811 -1
46: 67 69 178 462 579 580 584 996 1093 1103 1104 1105 1106 1107 1108 1109 1110 1111 1112 1113 1115 1116 1117 1118 1119 1120 1121 1122 1123 1124 1125 1126 1127 1128 1129 1130 1131 1132 1133 1134 1135 1341 1364 1698 -1
47: 1137 1138 1139 1140 1141 1143 1144 1145 1146 1147 1150 1151 1152 1153 1155 1156 1157 1158 1159 -1
48: -1
49: 88 167 185 195 255 256 282 283 285 286 291 292 336 338 339 429 464 465 502 560 562 566 611 614 625 638 641 765 790 805 1038 1040 1042 1076 1081 1087 1093 1094 1101 1124 1178 1179 1181 1182 1183 1184 1185 1186 1187 1188 1189 1190 1191 1192 1193 1195 1196 1197 1198 1199 1201 1202 1203 1204 1393 1394 2077 2171 2541 2543 2544 2545 3119 3280 3453 -1
50: -1
51: -1
52: 493 1119 1311 1312 1313 1314 1315 1316 1317 1318 1319 1320 1321 1322 1323 1324 1325 1326 1327 1328 1329 1330 1331 1332 1333 1334 1335 1336 1341 2116 2117 2119 2130 3453 -1
53: 338 573 574 635 795 1093 1337 1448 1449 1637 1653 2447 2811 -1
54: 67 69 572 1117 1127 1129 1131 1336 1340 1341 1343 1344 1345 1346 1347 1350 1351 1352 1353 1356 1357 1358 1359 1360 1361 1362 1363 1364 1365 1367 1368 1369 -1
55: 1382 1383 1385 -1
56: 1386 1387 1389 1390 1391 1392 1393 1394 1395 1396 -1
57: 1397 1414 1415 1416 1417 1418 1420 1421 1422 1424 1425 1426 1427 1428 1429 1430 1431 1432 1435 1436 1437 1438 1439 1441 1442 1443 1444 1445 1447 1448 1449 1450 1451 -1
58: 1461 1462 1463 1464 1465 -1
59: 336 515 562 1089 1313 1327 1332 1467 1469 1470 1471 1472 1473 1474 1475 1476 1477 1478 1479 1481 1482 1483 1484 1485 1487 1488 1647 2540 2805 -1
60: 37 243 267 770 1035 1491 1492 1493 1494 1497 1498 1499 1500 1501 1502 1503 1504 1505 1506 1507 1508 1509 1510 1511 1512 1513 1514 1515 1516 1517 1518 1519 1520 1521 1522 1523 1524 1525 1526 1527 1528 1529 1530 1531 1532 1533 1534 1535 1536 1537 1538 1539 1540 1542 1543 1544 1546 1547 1548 1549 1550 1551 1552 1553 1554 1555 1556 1557 1561 1578 1579 1596 1604 1956 2010 -1
61: -1
62: 283 338 339 560 598 628 646 765 823 1085 1323 1363 1453 1473 1623 1624 1625 1626 1627 1628 1629 1630 1631 1632 1633 1634 1635 1636 1637 1638 1639 1640 1641 1642 1643 1644 1645 1646 1647 1648 1649 1650 1651 1652 1653 1654 1655 1656 1657 1976 2073 3452 -1
63: 195 337 1659 1660 1661 1662 -1
64: 1663 1664 1665 1666 1667 -1
65: 208 1671 -1
66: -1
67: 1682 1885 1887 1888 1889 -1
68: -1
69: -1
70: 290 1937 1938 -1
71: 496 1093 1959 1960 1961 1962 1963 1964 1965 1966 1967 1968 1969 -1
72: 253 261 292 293 339 865 1199 1972 1973 1974 1975 1976 1977 1978 1979 1980 1981 1982 1983 1984 1985 1986 1988 1989 1990 1991 1992 1993 1994 1995 1996 1997 1998 1999 2000 2001 2002 2003 2004 2005 2006 2007 2008 2009 2010 2731 -1
73: 286 1048 2011 2012 2013 2014 2015 -1
74: -1
75: -1
76: 2028 -1
77: -1
78: -1
79: 195 295 475 562 593 638 780 823 1037 1446 1640 2057 2059 2060 2061 2063 2065 2067 2068 2069 2070 2071 2072 2073 2074 2075 2076 2077 2078 2131 -1
80: 2079 2080 2081 2082 2083 2084 2085 2086 2087 2088 2089 2090 2091 2092 2093 2094 2095 2096 2097 2098 2099 2100 2101 2102 2103 2105 2106 -1
81: -1
82: -1
83: 404 493 985 1116 1119 1120 1130 1340 1341 1347 2084 2113 2114 2115 2116 2117 2119 2120 2121 2122 2123 2124 2125 2126 2127 2128 2129 2130 2131 2132 3453 -1
84: -1
85: 741 1059 -1
86: 509 2145 2146 2147 2148 -1
87: 27 135 166 185 1051 1323 2149 -1
88: 283 295 493 605 606 610 616 768 780 805 861 1030 1034 1048 1052 1075 1086 1187 1341 1888 1996 2086 2117 2119 2166 2167 2168 2169 2170 2171 2545 -1
89: 2185 2189 -1
90: 772 2200 2201 2202 2203 2204 2205 2206 -1
91: 1333 -1
92: -1
93: 476 -1
94: -1
95: 593 -1
96: 1070 2342 2343 2344 2345 2346 -1
97: 2362 -1
98: 573 574 575 576 579 584 1052 2364 2366 2373 2378 -1
99: -1
100: 127 185 210 217 219 299 304 305 310 311 317 467 593 599 1051 1068 1071 1156 1159 1345 1364 1440 1455 1657 1960 1962 2401 2402 2447 2450 2541 2735 2815 3006 3458 -1
101: 78 1455 2405 2406 -1
102: 2407 2408 2410 2411 2412 2413 2414 2415 2416 2417 -1
103: -1
104: -1
105: 974 -1
106: 1447 2432 2433 2434 2437 2438 2439 2440 2441 2442 2443 2444 2445 2446 2447 2448 -1
107: 304 593 784 789 2450 2453 2454 2455 2457 2458 2459 2461 2462 2463 2464 2465 2466 2467 2469 2470 2471 3119 -1
108: -1
109: -1
110: -1
111: -1
112: -1
113: 125 573 574 1360 2534 2535 2536 2537 2538 2539 -1
114: 282 285 502 512 560 638 765 1034 1102 2540 2541 2543 2544 2545 -1
115: -1
116: -1
117: 148 178 188 203 210 275 283 286 325 326 402 464 560 566 568 569 571 576 584 604 608 615 616 641 771 819 1030 1034 1039 1052 1084 1183 1360 1361 1446 1455 1966 2077 2085 2106 2439 2447 2541 2694 2695 2696 2717 2735 3138 3149 3230 3312 -1
118: 126 565 2700 2701 2702 -1
119: 185 625 1052 2708 2709 2710 2712 2713 2715 2716 2717 2721 2722 2724 2725 2726 2728 2730 2731 2732 -1
120: 93 476 559 -1
121: 2735 -1
122: 209 337 -1
123: 2801 2802 2803 2804 2805 2806 2808 2809 2811 2812 -1
124: 2403 2815 -1
125: -1
126: -1
127: -1
128: -1
129: -1
130: -1
131: -1
132: -1
133: 3044 3046 3048 3067 3068 3069 3070 3071 3072 3073 3075 3076 3077 3078 3079 3090 3091 3092 3093 3094 3095 3096 3097 3098 3099 3100 3108 3109 3110 -1
134: -1
135: -1
136: 3124 3125 3126 3127 3128 3129 3130 3132 3133 3134 3135 3136 3137 3138 3139 3140 3141 3144 3146 3147 3149 3150 3151 3152 3153 3154 3155 3156 3157 3158 3159 3160 3161 3162 3163 3164 3165 3166 -1
137: 772 3172 3173 3174 3175 -1
138: 4 37 224 237 244 284 286 339 644 1102 1941 1945 1999 2721 3180 3181 3182 -1
139: 148 291 593 3185 3186 3187 3188 3189 3190 3191 -1
140: 1990 3192 3193 3194 3195 3196 3197 3198 3199 3202 3203 -1
141: 3206 3215 3217 3218 3219 3220 3223 3226 3227 3228 -1
142: 168 265 770 1666 2732 3235 3236 3237 3238 3239 3242 3243 3245 3249 3250 3251 3254 -1
143: -1
144: -1
145: 148 282 285 286 593 789 1053 3275 3276 3277 3278 3279 -1
146: 3284 3285 3286 3287 3288 3289 3290 3291 3292 3293 3294 3295 3296 3297 3298 3299 3300 3301 3302 3303 3304 3305 3306 3307 3308 3309 3310 3311 3312 3313 3314 3315 3316 3317 3318 3319 3320 3321 3322 3323 3324 3325 3326 3327 -1
147: -1
148: -1
149: 67 487 573 579 593 603 823 1071 1125 1155 1158 1332 1360 1455 1480 1484 1485 1643 2070 2073 2124 2533 2539 2735 2808 3124 3128 3148 3151 3155 3202 3254 3451 3452 3454 3455 3456 3457 3458 3459 -1
150: 12 161 162 168 169 170 171 175 177 178 179 249 280 687 688 1455 1659 2136 3138 3156 3312 3317 -1
151: 12 2136 -1
152: 12 1059 -1
153: 12 -1
154: 12 -1
155: 12 -1
156: 12 -1
157: 12 -1
158: 0 85 1984 2118 2348 2349 2350 2351 3145 3164 -1
159: -1
160: 171 1059 -1
161: -1
162: -1
163: -1
164: -1
165: -1
166: -1
167: 2077 -1
168: -1
169: -1
170: -1
171: 609 645 3189 -1
172: -1
173: -1
174: -1
175: -1
176: -1
177: -1
178: -1
179: -1
180: 1 243 1339 1952 1954 2466 -1
181: 1 394 395 396 398 399 400 403 412 413 414 426 436 437 438 491 504 748 1456 1659 1751 1943 1949 1952 1954 2062 2064 2466 3312 3387 -1
182: -1
183: -1
184: 209 -1
185: -1
186: -1
187: -1
188: -1
189: -1
190: -1
191: -1
192: -1
193: -1
194: -1
195: -1
196: 2206 -1
197: -1
198: -1
199: -1
200: -1
201: -1
202: 2 188 793 -1
203: -1
204: -1
205: -1
206: -1
207: 205 -1
208: -1
209: -1
210: -1
211: -1
212: -1
213: -1
214: -1
215: -1
216: -1
217: -1
218: -1
219: -1
220: -1
221: -1
222: -1
223: 4 195 208 224 228 229 230 231 232 233 234 235 236 237 244 260 264 266 337 507 819 1093 1394 1941 1945 -1
224: 1941 1945 -1
225: 4 224 228 229 230 231 232 233 234 235 236 237 244 260 264 266 1941 1945 -1
226: 4 223 224 228 229 230 231 232 233 234 235 236 237 239 244 248 260 263 264 276 1941 1945 -1
227: 4 224 228 229 230 231 233 234 235 236 237 244 260 264 1941 1945 -1
228: 1941 1945 -1
229: 1941 1945 -1
230: 1941 1945 -1
231: 1941 1945 -1
232: 1941 1945 -1
233: 1941 1945 -1
234: 1941 1945 -1
235: 1941 1945 -1
236: 1941 1945 -1
237: 1941 1945 -1
238: -1
239: -1
240: -1
241: -1
242: -1
243: -1
244: -1
245: -1
246: -1
247: -1
248: -1
249: -1
250: -1
251: -1
252: -1
253: -1
254: -1
255: -1
256: -1
257: -1
258: -1
259: -1
260: -1
261: -1
262: -1
263: -1
264: -1
265: -1
266: -1
267: -1
268: -1
269: -1
270: -1
271: -1
272: -1
273: -1
274: -1
275: -1
276: -1
277: -1
278: -1
279: -1
280: -1
281: 93 188 203 218 280 292 304 476 492 502 509 559 569 571 593 977 1052 1182 1196 1344 1659 1660 1666 1966 2206 2434 2445 2726 2735 3126 3139 3140 3218 3223 3277 3312 3351 -1
282: 285 -1
283: -1
284: -1
285: -1
286: -1
287: 338 -1
288: -1
289: -1
290: 1034 -1
291: -1
292: -1
293: -1
294: 507 -1
295: -1
296: -1
297: -1
298: 6 30 188 203 218 300 676 819 978 1455 1961 2085 2735 2806 2815 3006 3311 -1
299: 307 -1
300: -1
301: 298 -1
302: -1
303: -1
304: 789 1342 -1
305: -1
306: -1
307: -1
308: -1
309: -1
310: 305 -1
311: -1
312: -1
313: -1
314: -1
315: -1
316: -1
317: -1
318: -1
319: -1
320: -1
321: 288 319 324 328 495 504 1108 1691 -1
322: -1
323: -1
324: -1
325: -1
326: 325 -1
327: -1
328: -1
329: 9 -1
330: 9 -1
331: 9 286 292 339 -1
332: -1
333: -1
334: -1
335: -1
336: -1
337: -1
338: 1953 -1
339: -1
340: 10 -1
341: 10 -1
342: 10 -1
343: 10 -1
344: 10 -1
345: 10 -1
346: 10 -1
347: 10 -1
348: 10 -1
349: 10 -1
350: 10 -1
351: 10 -1
352: 10 -1
353: 10 -1
354: 10 -1
355: 10 -1
356: 10 -1
357: 10 -1
358: 10 -1
359: 10 -1
360: 10 -1
361: 10 -1
362: 10 -1
363: 10 -1
364: 10 -1
365: -1
366: -1
367: -1
368: -1
369: -1
370: 1332 -1
371: -1
372: 11 371 -1
373: -1
374: -1
375: -1
376: -1
377: -1
378: 11 17 69 365 366 367 369 374 375 376 380 390 415 493 517 521 526 530 535 568 1119 1125 1132 1341 1349 1365 1642 1888 1911 2084 2087 2117 2119 2125 2126 2130 3453 -1
379: -1
380: -1
381: -1
382: -1
383: -1
384: -1
385: -1
386: -1
387: -1
388: -1
389: -1
390: -1
391: -1
392: 11 17 365 366 367 368 369 371 373 374 375 376 377 379 380 381 382 383 384 385 386 387 388 389 390 391 394 395 396 398 399 400 412 413 414 415 416 426 436 437 438 440 515 516 517 518 519 520 521 522 523 524 525 526 528 529 530 531 532 533 534 535 536 537 538 539 540 541 542 543 544 545 546 547 2062 2064 3256 3257 3259 -1
393: -1
394: -1
395: -1
396: -1
397: -1
398: -1
399: -1
400: -1
401: -1
402: -1
403: -1
404: -1
405: -1
406: -1
407: -1
408: -1
409: -1
410: -1
411: -1
412: -1
413: -1
414: -1
415: -1
416: -1
417: -1
418: -1
419: -1
420: -1
421: -1
422: -1
423: -1
424: -1
425: -1
426: -1
427: -1
428: -1
429: -1
430: -1
431: -1
432: -1
433: -1
434: -1
435: -1
436: -1
437: -1
438: -1
439: -1
440: -1
441: 280 3317 -1
442: -1
443: -1
444: -1
445: 12 1059 -1
446: 1059 -1
447: 458 -1
448: -1
449: 209 -1
450: -1
451: 13 -1
452: 13 450 -1
453: 13 53 141 447 448 454 455 764 772 1688 1733 1828 1838 1942 1946 1951 2294 2304 2431 2842 2911 2961 3017 3021 3200 3201 3204 3216 3273 3274 3285 3341 3365 3404 3432 -1
454: -1
455: -1
456: 307 450 1362 2466 -1
457: -1
458: -1
459: -1
460: 459 -1
461: -1
462: -1
463: -1
464: -1
465: -1
466: -1
467: -1
468: -1
469: 14 22 470 471 472 585 586 -1
470: -1
471: -1
472: -1
473: 15 479 -1
474: -1
475: -1
476: -1
477: -1
478: -1
479: -1
480: -1
481: -1
482: 16 480 -1
483: 16 481 486 490 492 505 -1
484: -1
485: -1
486: -1
487: 772 -1
488: -1
489: -1
490: -1
491: -1
492: -1
493: 1123 -1
494: -1
495: -1
496: -1
497: -1
498: -1
499: -1
500: -1
501: -1
502: -1
503: -1
504: -1
505: -1
506: -1
507: -1
508: -1
509: -1
510: 161 507 617 622 646 773 2070 2071 -1
511: -1
512: -1
513: -1
514: -1
515: -1
516: -1
517: -1
518: -1
519: -1
520: -1
521: -1
522: -1
523: -1
524: -1
525: -1
526: -1
527: -1
528: -1
529: -1
530: -1
531: -1
532: -1
533: -1
534: -1
535: -1
536: -1
537: -1
538: -1
539: -1
540: -1
541: -1
542: -1
543: -1
544: -1
545: -1
546: -1
547: -1
548: -1
549: -1
550: 548 -1
551: -1
552: -1
553: -1
554: -1
555: -1
556: 549 552 -1
557: 19 -1
558: -1
559: -1
560: -1
561: -1
562: -1
563: -1
564: -1
565: 126 -1
566: -1
567: 21 79 123 765 1436 1950 2056 2150 2162 2164 2165 3017 3021 3114 3281 3381 3390 3392 3393 -1
568: -1
569: -1
570: -1
571: -1
572: -1
573: 574 -1
574: -1
575: 126 565 1199 1966 2059 2065 2131 2735 3312 -1
576: -1
577: -1
578: -1
579: -1
580: -1
581: 153 1448 3133 -1
582: 401 568 1678 -1
583: 569 -1
584: -1
585: -1
586: -1
587: 23 -1
588: 23 -1
589: 23 -1
590: -1
591: 23 590 -1
592: 24 -1
593: 467 775 783 791 793 1364 3275 3277 3278 3456 -1
594: 168 170 319 462 598 1113 1123 2077 2086 2466 3312 -1
595: -1
596: -1
597: 1362 1364 -1
598: -1
599: 185 -1
600: -1
601: -1
602: -1
603: -1
604: -1
605: -1
606: -1
607: -1
608: -1
609: -1
610: -1
611: -1
612: -1
613: -1
614: -1
615: -1
616: -1
617: -1
618: 604 633 -1
619: -1
620: -1
621: -1
622: -1
623: -1
624: -1
625: -1
626: -1
627: -1
628: -1
629: -1
630: -1
631: -1
632: -1
633: -1
634: -1
635: -1
636: -1
637: -1
638: 994 -1
639: -1
640: -1
641: -1
642: -1
643: -1
644: -1
645: -1
646: 775 776 783 793 1383 1385 -1
647: -1
648: 26 62 178 429 493 562 597 598 609 612 628 636 646 647 649 779 1044 1079 1084 1093 1110 1318 1324 1344 1361 1394 1488 1626 1628 1632 1643 1647 2116 2128 3032 -1
649: -1
650: -1
651: -1
652: -1
653: 27 135 166 304 1070 1966 1985 -1
654: 27 135 166 1113 -1
655: 27 135 166 463 638 2149 2726 -1
656: 27 135 611 -1
657: 27 135 166 256 1455 1998 2003 2735 3143 -1
658: 27 135 166 218 304 314 593 1008 1069 1071 1455 2543 3011 3149 3456 -1
659: 27 135 166 638 -1
660: 27 166 185 450 989 -1
661: 27 135 166 210 218 256 265 303 304 463 593 772 789 1086 1455 1643 1902 1961 2013 2106 2206 2342 2455 2463 2699 2735 2815 3011 3218 -1
662: 27 135 166 1340 1966 3452 -1
663: 27 135 166 -1
664: 27 135 166 -1
665: 27 135 166 299 314 593 1069 -1
666: 27 67 135 166 286 299 304 305 309 310 311 317 465 468 488 593 599 626 675 989 1068 1102 1393 1446 1455 1643 1667 1960 1964 2075 2085 2086 2437 2454 2541 2543 2696 2815 3006 3459 -1
667: 27 135 161 166 593 2149 2404 3278 3456 -1
668: 27 67 135 185 209 467 673 770 1051 1888 1889 1985 3456 -1
669: 27 135 166 174 638 1643 -1
670: 27 135 166 -1
671: 27 135 166 203 253 292 -1
672: 27 93 206 207 220 282 309 310 326 460 565 573 578 650 651 652 673 674 675 676 677 678 775 783 988 1000 1064 1115 1384 1385 1389 1462 1665 1671 1885 2003 2014 2073 2074 2086 2168 2337 2406 2457 2708 2801 3123 3175 3192 3193 3451 3455 -1
673: -1
674: -1
675: -1
676: -1
677: -1
678: -1
679: 28 168 253 290 462 507 562 623 765 772 1077 1094 1323 1324 1325 1633 1643 2543 -1
680: 28 273 765 2001 2694 2716 -1
681: 28 640 682 773 -1
682: 28 162 258 313 692 765 773 1324 1325 -1
683: 28 2724 -1
684: 28 1987 -1
685: 28 -1
686: 28 -1
687: -1
688: -1
689: -1
690: -1
691: 488 614 646 1344 -1
692: -1
693: -1
694: 30 -1
695: 30 203 204 208 299 312 576 784 2463 2465 2466 -1
696: 30 -1
697: 30 299 312 -1
698: 30 579 -1
699: 30 304 593 -1
700: 30 125 185 208 212 299 302 304 315 317 599 638 789 1053 1096 1455 2696 2735 2808 2815 -1
701: 30 788 792 2471 -1
702: 30 271 458 778 788 792 2471 2694 2696 -1
703: 30 -1
704: 30 402 1882 2403 2815 -1
705: 30 216 -1
706: 30 -1
707: 30 299 304 593 645 -1
708: 30 714 -1
709: 30 714 -1
710: 30 562 593 823 1138 1140 1144 1147 1154 1156 1159 1333 1447 1455 1478 2073 2815 3275 -1
711: 30 789 -1
712: 30 -1
713: 30 714 -1
714: 30 -1
715: 30 -1
716: 30 -1
717: 30 714 -1
718: 30 215 593 772 2086 3312 -1
719: 30 304 496 579 2013 -1
720: 30 1345 -1
721: 30 -1
722: 30 -1
723: 30 267 496 1120 1332 1341 1344 1345 2013 -1
724: 30 -1
725: 30 1643 -1
726: 30 778 -1
727: 30 778 -1
728: 30 148 170 257 462 593 597 782 789 1096 1323 1350 1351 1358 2198 2458 2543 2699 3276 3277 3362 3458 -1
729: 30 209 217 593 -1
730: 30 188 195 203 256 304 784 789 1666 -1
731: 30 126 161 217 462 565 593 714 789 1186 2075 2455 3202 -1
732: 30 -1
733: 30 203 208 304 467 864 988 993 1000 1105 1108 1111 2403 2463 3239 -1
734: 30 593 2075 -1
735: 30 -1
736: 30 188 203 307 676 1178 2541 3277 -1
737: 30 -1
738: 30 -1
739: 30 496 1344 1455 3140 -1
740: 30 127 161 210 217 218 299 303 304 496 1069 1070 1071 1072 1109 1150 1344 1357 1961 2013 2206 2342 2343 2345 2716 2735 2815 3006 3011 3138 3218 3245 -1
741: 30 -1
742: 30 1344 2075 3276 -1
743: 30 267 284 286 1324 1325 1361 1455 1629 2001 -1
744: 30 254 765 1105 1368 -1
745: 30 67 148 170 185 203 208 217 271 286 450 462 467 485 488 496 508 646 735 778 789 792 795 988 1008 1102 1105 1108 1110 1111 1118 1203 1324 1325 1351 2455 2463 2466 2467 2470 2541 3275 -1
746: 30 -1
747: 30 -1
748: 30 271 463 -1
749: 30 -1
750: 31 -1
751: 32 -1
752: 32 -1
753: 32 -1
754: 32 -1
755: 32 -1
756: -1
757: 34 756 -1
758: 34 148 167 170 178 185 188 195 203 208 246 254 267 272 275 282 285 290 293 333 335 336 337 338 339 430 450 478 487 488 493 507 511 512 560 562 615 617 622 625 628 629 631 635 638 640 641 646 756 773 782 996 1008 1042 1047 1050 1108 1110 1111 1116 1118 1120 1182 1313 1324 1325 1327 1331 1336 1344 1353 1356 1364 1394 1395 1481 1643 1650 1655 1657 1976 1989 1992 1993 2010 2071 2308 2411 2470 2481 2540 2541 2699 2717 3275 3280 -1
759: 34 756 -1
760: 34 756 -1
761: 34 756 -1
762: 34 756 763 -1
763: 34 756 -1
764: -1
765: -1
766: -1
767: 2163 -1
768: -1
769: -1
770: -1
771: -1
772: -1
773: -1
774: 35 -1
775: -1
776: -1
777: -1
778: -1
779: -1
780: -1
781: -1
782: -1
783: -1
784: -1
785: -1
786: -1
787: -1
788: -1
789: -1
790: -1
791: -1
792: -1
793: -1
794: -1
795: -1
796: -1
797: 36 68 798 799 800 801 802 803 804 806 807 808 809 810 811 812 813 815 816 817 818 819 820 821 825 826 827 828 829 830 831 832 833 834 835 836 837 838 839 840 841 842 843 1890 -1
798: -1
799: -1
800: -1
801: -1
802: -1
803: -1
804: -1
805: -1
806: -1
807: -1
808: -1
809: -1
810: -1
811: -1
812: -1
813: -1
814: -1
815: -1
816: -1
817: -1
818: -1
819: -1
820: -1
821: -1
822: -1
823: -1
824: -1
825: -1
826: -1
827: -1
828: -1
829: -1
830: -1
831: -1
832: -1
833: -1
834: -1
835: -1
836: -1
837: -1
838: -1
839: -1
840: -1
841: -1
842: -1
843: -1
844: 37 403 -1
845: 37 605 606 610 619 623 770 790 1197 1204 2732 -1
846: 37 -1
847: 37 172 185 195 199 208 243 282 285 286 290 292 297 339 485 488 507 512 514 562 644 646 765 780 1079 1093 1102 1324 1333 1640 1989 2077 3119 -1
848: 37 243 -1
849: 37 67 93 148 168 203 208 243 246 254 280 283 291 295 297 332 339 476 478 484 487 488 494 495 504 507 510 511 512 559 597 598 617 622 640 765 773 866 1047 1105 1324 1325 1356 1368 1660 1996 2010 2189 2416 2699 3280 -1
850: 37 -1
851: 37 -1
852: 37 93 476 559 765 -1
853: 37 1042 1077 1082 1093 1095 1098 1183 2077 2717 -1
854: 37 -1
855: 37 -1
856: 37 185 243 290 292 485 785 794 1051 1189 -1
857: 37 -1
858: 37 1629 -1
859: 37 -1
860: 37 775 776 783 793 1050 1078 1382 1383 1385 -1
861: -1
862: -1
863: -1
864: -1
865: -1
866: -1
867: 125 148 161 167 171 178 251 273 283 286 339 463 484 485 492 494 495 508 562 567 593 609 610 611 614 625 626 638 644 765 790 865 1030 1034 1037 1041 1071 1075 1076 1080 1084 1087 1089 1093 1097 1098 1101 1113 1128 1135 1183 1194 1435 1438 1440 1441 1444 1448 1449 1451 1455 1467 1582 1632 1636 1640 1642 1643 1666 1966 1968 2070 2071 2077 2095 2124 2171 2540 2543 2716 2726 2805 2806 2811 3126 3128 3131 3133 3134 3139 3143 3146 3149 3156 3188 3279 3308 3322 -1
868: -1
869: 3149 3241 3312 -1
870: -1
871: 39 -1
872: 39 -1
873: 39 50 -1
874: 39 50 -1
875: 39 -1
876: 39 50 952 -1
877: 39 50 -1
878: 39 50 -1
879: 39 50 -1
880: 39 50 -1
881: 39 -1
882: 39 -1
883: 39 -1
884: 39 -1
885: 39 -1
886: 39 -1
887: 39 -1
888: 39 -1
889: 39 -1
890: 39 -1
891: 39 -1
892: 39 -1
893: 39 -1
894: 39 -1
895: 39 -1
896: 39 -1
897: 39 50 -1
898: 39 -1
899: 39 -1
900: 39 50 -1
901: 39 -1
902: 39 -1
903: 39 50 -1
904: 39 50 -1
905: 39 -1
906: 39 -1
907: 39 -1
908: 39 -1
909: 39 -1
910: 39 -1
911: 39 -1
912: 39 -1
913: 39 -1
914: 39 -1
915: 39 -1
916: 39 -1
917: 39 -1
918: 39 -1
919: 39 -1
920: 39 -1
921: 39 -1
922: 39 -1
923: 39 -1
924: 39 -1
925: 39 -1
926: 39 -1
927: 39 -1
928: 39 -1
929: 39 -1
930: 39 -1
931: 39 -1
932: 39 -1
933: 39 -1
934: 39 -1
935: 39 -1
936: 39 -1
937: 39 -1
938: 39 -1
939: 39 -1
940: 39 -1
941: 39 -1
942: 39 -1
943: 39 -1
944: 39 -1
945: 39 -1
946: 39 -1
947: 39 -1
948: 39 -1
949: 39 -1
950: 39 -1
951: 39 -1
952: -1
953: 40 983 -1
954: 40 983 -1
955: 40 983 -1
956: 40 983 -1
957: 40 983 -1
958: 40 983 -1
959: 40 983 -1
960: 40 983 -1
961: 40 983 -1
962: 40 983 -1
963: 40 983 -1
964: 40 983 -1
965: 40 495 983 -1
966: 40 983 -1
967: 40 983 -1
968: 40 983 -1
969: 40 209 971 972 973 974 975 976 980 981 982 983 984 990 991 992 998 1002 1003 1004 1005 2346 -1
970: 706 3280 -1
971: -1
972: -1
973: -1
974: -1
975: -1
976: -1
977: -1
978: -1
979: -1
980: -1
981: -1
982: -1
983: -1
984: -1
985: -1
986: -1
987: -1
988: -1
989: -1
990: -1
991: -1
992: -1
993: -1
994: -1
995: 1132 2119 -1
996: -1
997: -1
998: -1
999: -1
1000: 993 -1
1001: -1
1002: -1
1003: -1
1004: -1
1005: -1
1006: 178 514 620 765 1037 1098 1132 1442 2077 -1
1007: -1
1008: -1
1009: 286 605 614 616 625 640 641 773 795 1042 1051 1082 1184 1393 1985 1996 2189 3196 -1
1010: -1
1011: 41 1014 1015 1016 1017 1019 1020 1021 1022 1023 1024 1026 1674 1678 2481 -1
1012: -1
1013: -1
1014: -1
1015: -1
1016: -1
1017: -1
1018: -1
1019: -1
1020: -1
1021: -1
1022: -1
1023: -1
1024: -1
1025: -1
1026: -1
1027: 178 1030 1083 1359 -1
1028: -1
1029: -1
1030: -1
1031: -1
1032: -1
1033: 1032 2716 -1
1034: -1
1035: -1
1036: -1
1037: -1
1038: -1
1039: -1
1040: -1
1041: -1
1042: -1
1043: -1
1044: -1
1045: -1
1046: -1
1047: -1
1048: -1
1049: -1
1050: -1
1051: -1
1052: -1
1053: 492 593 1029 1437 1643 1667 3131 3133 -1
1054: 43 168 187 338 513 597 770 772 1108 1188 1361 1638 1643 2011 2014 2015 2105 2185 -1
1055: 2136 -1
1056: -1
1057: -1
1058: -1
1059: -1
1060: -1
1061: -1
1062: -1
1063: 44 -1
1064: 1067 -1
1065: -1
1066: -1
1067: -1
1068: -1
1069: -1
1070: -1
1071: -1
1072: -1
1073: -1
1074: 45 -1
1075: -1
1076: -1
1077: -1
1078: -1
1079: -1
1080: -1
1081: -1
1082: -1
1083: -1
1084: -1
1085: -1
1086: -1
1087: -1
1088: 154 161 805 1052 1448 2716 2717 2726 3163 -1
1089: -1
1090: -1
1091: -1
1092: -1
1093: -1
1094: -1
1095: -1
1096: -1
1097: -1
1098: -1
1099: -1
1100: -1
1101: -1
1102: -1
1103: -1
1104: -1
1105: -1
1106: -1
1107: -1
1108: -1
1109: -1
1110: -1
1111: -1
1112: -1
1113: -1
1114: -1
1115: 1106 -1
1116: -1
1117: -1
1118: -1
1119: -1
1120: -1
1121: -1
1122: -1
1123: 1126 -1
1124: -1
1125: -1
1126: -1
1127: -1
1128: -1
1129: -1
1130: -1
1131: -1
1132: -1
1133: -1
1134: -1
1135: -1
1136: 47 1137 -1
1137: -1
1138: -1
1139: -1
1140: -1
1141: -1
1142: 1141 1145 -1
1143: -1
1144: -1
1145: -1
1146: -1
1147: -1
1148: 1143 1156 -1
1149: 1144 -1
1150: -1
1151: -1
1152: -1
1153: -1
1154: -1
1155: 1147 1158 2735 -1
1156: -1
1157: -1
1158: -1
1159: -1
1160: 48 1163 1177 -1
1161: 48 79 1163 1164 1165 1166 1167 1168 1169 1170 1171 1172 1173 1174 1175 1176 1177 2056 -1
1162: 286 1034 1102 1188 1667 -1
1163: -1
1164: -1
1165: -1
1166: -1
1167: -1
1168: -1
1169: -1
1170: -1
1171: -1
1172: -1
1173: -1
1174: -1
1175: -1
1176: -1
1177: -1
1178: -1
1179: -1
1180: -1
1181: -1
1182: 1323 -1
1183: -1
1184: -1
1185: -1
1186: -1
1187: -1
1188: -1
1189: -1
1190: -1
1191: -1
1192: 178 -1
1193: 3196 -1
1194: -1
1195: -1
1196: -1
1197: -1
1198: -1
1199: -1
1200: 1186 -1
1201: -1
1202: -1
1203: -1
1204: -1
1205: 50 -1
1206: 50 -1
1207: 50 -1
1208: 50 -1
1209: 50 -1
1210: 50 -1
1211: 50 -1
1212: 50 -1
1213: 50 -1
1214: 50 -1
1215: 50 -1
1216: 50 -1
1217: 50 -1
1218: 50 -1
1219: 50 -1
1220: 50 -1
1221: 50 -1
1222: 50 -1
1223: 50 -1
1224: 50 -1
1225: 50 -1
1226: 50 -1
1227: 50 -1
1228: 50 -1
1229: 50 -1
1230: 50 -1
1231: 50 -1
1232: 50 -1
1233: 50 -1
1234: 50 -1
1235: 50 -1
1236: 50 -1
1237: 50 -1
1238: 50 -1
1239: 50 -1
1240: 50 -1
1241: 50 -1
1242: 50 -1
1243: 50 -1
1244: 50 -1
1245: 50 -1
1246: 50 -1
1247: 50 -1
1248: 50 -1
1249: 50 -1
1250: 50 -1
1251: 50 -1
1252: 50 -1
1253: 50 -1
1254: 50 -1
1255: 50 -1
1256: 50 -1
1257: 50 -1
1258: 50 -1
1259: 50 -1
1260: 50 -1
1261: 50 -1
1262: 50 -1
1263: 50 -1
1264: 50 -1
1265: 50 -1
1266: 50 -1
1267: 50 -1
1268: 50 -1
1269: 50 -1
1270: 50 -1
1271: 50 -1
1272: 3312 -1
1273: -1
1274: -1
1275: -1
1276: -1
1277: -1
1278: -1
1279: -1
1280: 51 1272 1273 1274 1275 1276 1277 1278 1279 1281 1282 1283 1284 1285 1286 1287 1288 1289 1290 1291 1292 1293 1294 1295 1296 1297 1298 1299 1300 1301 1302 1303 1304 1305 1306 1307 1308 1309 1310 -1
1281: -1
1282: -1
1283: -1
1284: -1
1285: -1
1286: -1
1287: -1
1288: -1
1289: -1
1290: -1
1291: -1
1292: -1
1293: -1
1294: -1
1295: -1
1296: -1
1297: -1
1298: -1
1299: -1
1300: -1
1301: -1
1302: -1
1303: -1
1304: -1
1305: -1
1306: -1
1307: -1
1308: -1
1309: -1
1310: -1
1311: -1
1312: -1
1313: -1
1314: 1321 1333 -1
1315: -1
1316: -1
1317: -1
1318: -1
1319: -1
1320: -1
1321: -1
1322: -1
1323: 279 -1
1324: -1
1325: -1
1326: -1
1327: -1
1328: -1
1329: -1
1330: -1
1331: -1
1332: -1
1333: -1
1334: -1
1335: -1
1336: -1
1337: 53 1338 -1
1338: -1
1339: -1
1340: -1
1341: -1
1342: -1
1343: 1355 -1
1344: -1
1345: -1
1346: -1
1347: -1
1348: 1119 -1
1349: -1
1350: -1
1351: -1
1352: -1
1353: -1
1354: -1
1355: -1
1356: -1
1357: -1
1358: -1
1359: -1
1360: -1
1361: -1
1362: -1
1363: 1196 2189 3192 3195 3203 -1
1364: -1
1365: -1
1366: 67 178 194 597 617 1084 1113 1116 1117 1122 1129 1324 1325 1347 1350 1368 1629 2199 2716 3371 -1
1367: 573 574 -1
1368: -1
1369: -1
1370: -1
1371: 55 208 286 288 289 292 336 402 463 467 485 488 491 492 495 501 507 509 568 572 580 596 599 625 676 765 771 978 1051 1052 1071 1081 1118 1139 1342 1346 1455 1479 1484 1637 1643 1659 1777 1966 2004 2014 2015 2071 2088 2105 2119 2131 2458 2543 2696 2726 2732 2815 3133 3136 3149 3159 3202 3223 3312 -1
1372: 55 275 1364 2720 3275 -1
1373: 55 178 401 458 495 2696 -1
1374: 55 579 -1
1375: 55 162 168 273 313 487 646 1084 1393 1976 1996 2001 2694 -1
1376: 55 -1
1377: 55 609 628 1359 -1
1378: 55 609 628 -1
1379: 55 -1
1380: 55 1381 -1
1381: -1
1382: -1
1383: -1
1384: -1
1385: 1382 -1
1386: -1
1387: -1
1388: -1
1389: 1387 -1
1390: -1
1391: -1
1392: -1
1393: -1
1394: -1
1395: -1
1396: -1
1397: 57 1414 1415 1416 1417 1418 1419 1420 1421 1422 1423 1424 1425 1426 1427 1428 1429 1430 1431 1432 1436 1437 1439 1441 1442 1443 1445 1447 1448 1449 1450 2447 -1
1398: 57 1414 1415 1416 1417 1418 1419 1420 1421 1422 1423 1424 1425 1426 1427 1428 1429 1430 1431 1432 1433 -1
1399: 57 -1
1400: 57 -1
1401: 57 -1
1402: 57 -1
1403: 57 1419 -1
1404: 57 -1
1405: 57 -1
1406: 57 -1
1407: 57 -1
1408: 57 -1
1409: 57 -1
1410: 57 -1
1411: 57 -1
1412: 57 -1
1413: 57 -1
1414: 57 1397 1416 1418 1419 1422 1423 1428 1431 1432 1436 1437 1439 1441 1442 1443 1445 1447 1448 1450 -1
1415: 57 1397 1416 1418 1419 1422 1423 1428 1431 1432 1436 1437 1439 1441 1442 1443 1445 1447 1448 1450 -1
1416: 57 1397 1414 1415 1417 1418 1419 1420 1421 1422 1423 1424 1425 1426 1427 1428 1429 1430 1431 1432 1436 1437 1439 1441 1442 1443 1445 1447 1448 1450 -1
1417: 57 1397 1416 1418 1419 1422 1423 1428 1431 1432 1436 1437 1439 1441 1442 1443 1447 1448 1449 1450 -1
1418: 57 1397 1414 1415 1416 1417 1419 1420 1421 1422 1423 1424 1425 1426 1427 1428 1429 1430 1431 1432 1436 1437 1439 1441 1442 1443 1445 1447 1448 1450 -1
1419: 1397 1414 1415 1416 1417 1418 1420 1421 1422 1424 1425 1426 1427 1428 1429 1430 1431 1432 1435 1436 1437 1438 1439 1441 1442 1443 1444 1445 1447 1448 1450 1451 -1
1420: 57 1397 1416 1418 1419 1422 1423 1428 1431 1432 1436 1437 1439 1441 1442 1443 1445 1447 1448 1450 -1
1421: 57 1397 1416 1418 1419 1422 1423 1428 1431 1432 1435 1436 1437 1438 1439 1441 1442 1443 1444 1445 1447 1448 1450 1451 -1
1422: 57 1397 1414 1415 1416 1417 1418 1419 1420 1421 1423 1424 1425 1426 1427 1428 1429 1430 1431 1432 1435 1436 1437 1438 1439 1441 1442 1443 1444 1445 1447 1448 1450 1451 -1
1423: 1397 1414 1415 1416 1417 1418 1420 1421 1422 1424 1425 1426 1427 1428 1429 1430 1431 1432 1435 1436 1437 1438 1439 1441 1442 1443 1444 1445 1447 1448 1450 1451 -1
1424: 57 1397 1416 1418 1419 1422 1423 1428 1431 1432 1436 1437 1439 1442 1443 1445 1447 1448 1450 -1
1425: 57 1397 1416 1418 1419 1422 1423 1428 1431 1432 1435 1436 1437 1438 1439 1441 1442 1443 1444 1445 1447 1448 1450 1451 -1
1426: 57 1397 1416 1418 1419 1422 1423 1428 1431 1432 1435 1436 1437 1438 1439 1441 1442 1443 1444 1445 1447 1448 1450 1451 -1
1427: 57 1397 1416 1418 1419 1422 1423 1428 1431 1432 1435 1436 1437 1438 1439 1441 1442 1443 1444 1445 1447 1448 1450 1451 -1
1428: 57 1397 1414 1415 1416 1417 1418 1419 1420 1421 1422 1423 1424 1425 1426 1427 1429 1430 1431 1432 1435 1436 1437 1438 1439 1441 1442 1443 1444 1445 1447 1448 1450 1451 -1
1429: 57 1397 1416 1418 1419 1422 1423 1428 1431 1432 1435 1436 1437 1438 1439 1441 1442 1443 1444 1445 1447 1448 1450 1451 -1
1430: 57 1397 1416 1418 1419 1422 1423 1428 1431 1432 1435 1436 1437 1438 1439 1441 1442 1443 1444 1445 1447 1448 1450 1451 -1
1431: 57 1397 1414 1415 1416 1417 1418 1419 1420 1421 1422 1423 1424 1425 1426 1427 1428 1429 1430 1432 1436 1437 1439 1441 1442 1443 1445 1447 1448 -1
1432: 57 1397 1414 1415 1416 1417 1418 1419 1420 1421 1422 1423 1424 1425 1426 1427 1428 1429 1430 1431 1436 1437 1439 1442 1443 1445 1447 1448 -1
1433: 57 1397 1414 1415 1417 1418 1419 1420 1421 1422 1423 1424 1425 1426 1427 1428 1429 1430 1431 1432 1435 1438 1444 1445 1447 1448 1449 1451 -1
1434: 57 1397 1414 1415 1416 1417 1418 1419 1420 1421 1422 1423 1424 1425 1426 1427 1428 1429 1430 1431 1432 -1
1435: -1
1436: -1
1437: -1
1438: -1
1439: -1
1440: -1
1441: -1
1442: -1
1443: -1
1444: -1
1445: -1
1446: -1
1447: -1
1448: -1
1449: -1
1450: -1
1451: -1
1452: 628 783 1344 1361 1628 1642 1643 1649 2185 -1
1453: -1
1454: 641 -1
1455: -1
1456: -1
1457: -1
1458: 1461 -1
1459: -1
1460: 58 327 403 455 467 495 510 575 735 1196 1440 1661 1662 1997 2010 2077 2084 2085 2431 3169 3253 3312 3327 3455 -1
1461: 1457 -1
1462: 1463 -1
1463: -1
1464: 1459 -1
1465: 593 -1
1466: 59 283 527 1046 1085 1183 1636 1642 1649 1653 1655 1656 2124 -1
1467: -1
1468: -1
1469: -1
1470: -1
1471: -1
1472: -1
1473: -1
1474: -1
1475: -1
1476: 1453 1633 1637 1645 1646 1649 1653 -1
1477: -1
1478: -1
1479: -1
1480: -1
1481: -1
1482: -1
1483: -1
1484: -1
1485: -1
1486: -1
1487: -1
1488: -1
1489: 128 280 401 403 495 504 510 514 596 794 1193 1336 1353 1491 1492 1493 1494 1497 1498 1499 1500 1501 1502 1503 1504 1505 1506 1507 1508 1509 1510 1511 1512 1513 1514 1515 1516 1517 1518 1519 1520 1521 1522 1523 1524 1525 1527 1528 1529 1530 1531 1532 1533 1534 1535 1536 1537 1538 1539 1540 1542 1543 1544 1545 1546 1547 1548 1549 1550 1551 1552 1553 1554 1555 1556 1557 1561 1564 1578 1580 1597 1659 1933 1938 1955 1956 1957 1972 1997 2077 2084 2431 2466 3144 3317 3455 -1
1490: 1491 1492 1493 1494 1497 1498 1499 1500 1501 1502 1503 1504 1505 1506 1507 1508 1509 1510 1511 1512 1513 1514 1515 1516 1517 1518 1519 1520 1521 1522 1523 1524 1525 1527 1528 1529 1530 1531 1532 1533 1534 1535 1536 1537 1538 1539 1540 1542 1543 1544 1546 1547 1548 1549 1550 1551 1552 1553 1554 1555 1556 1557 1561 1956 -1
1491: 60 1558 1559 1562 1563 1574 1575 1576 1577 1581 1585 1586 1587 1589 1590 1591 1592 1593 1598 1599 1601 1602 1603 -1
1492: 60 1558 1559 1562 1563 1574 1575 1576 1577 1581 1583 1585 1586 1587 1589 1590 1591 1592 1593 1598 1599 1601 1602 1603 -1
1493: 60 1590 -1
1494: 60 1590 -1
1495: 60 1590 -1
1496: 60 1590 -1
1497: 60 -1
1498: 60 -1
1499: 60 -1
1500: 60 -1
1501: 60 -1
1502: 60 -1
1503: 60 -1
1504: 60 -1
1505: 60 -1
1506: 60 1590 -1
1507: 60 1590 -1
1508: 60 1590 -1
1509: 60 1590 -1
1510: 60 1590 -1
1511: 60 1590 -1
1512: 60 1590 -1
1513: 60 1590 -1
1514: 60 1590 -1
1515: 60 -1
1516: 60 -1
1517: 60 1590 -1
1518: 60 -1
1519: 60 -1
1520: 60 1590 -1
1521: 60 -1
1522: 60 1590 -1
1523: 60 1590 -1
1524: 60 1590 -1
1525: 60 1590 -1
1526: 60 1590 -1
1527: 60 1590 -1
1528: 60 1590 -1
1529: 60 1590 -1
1530: 60 1590 -1
1531: 60 1590 -1
1532: 60 1590 -1
1533: 60 1590 -1
1534: 60 1590 -1
1535: 60 1590 -1
1536: 60 1590 -1
1537: 60 1590 -1
1538: 60 1590 -1
1539: 60 1590 -1
1540: 60 1590 -1
1541: 60 1590 -1
1542: 60 1590 -1
1543: 60 1590 -1
1544: 60 1590 -1
1545: 60 1590 -1
1546: 60 1590 -1
1547: 60 1590 -1
1548: 60 1590 -1
1549: 60 1590 -1
1550: 60 1590 -1
1551: 60 1590 -1
1552: 60 1590 -1
1553: 60 1590 -1
1554: 60 1590 -1
1555: 60 1590 -1
1556: 60 1590 -1
1557: 60 1590 -1
1558: 1491 1493 1494 1497 1498 1500 1501 1502 1503 1504 1505 1506 1507 1508 1509 1510 1511 1512 1513 1514 1515 1516 1517 1518 1519 1520 1522 1523 1524 1525 1527 1528 1529 1530 1531 1533 1535 1536 1537 1538 1539 1540 1542 1543 1544 1546 1547 1548 1549 1550 1551 1552 1553 1555 1556 1557 1956 -1
1559: 1491 1493 1494 1497 1498 1500 1501 1502 1503 1504 1505 1506 1507 1508 1509 1510 1511 1512 1513 1514 1515 1516 1517 1518 1519 1520 1522 1523 1524 1525 1527 1528 1529 1530 1531 1533 1535 1536 1537 1538 1539 1540 1542 1543 1544 1546 1547 1548 1549 1550 1551 1552 1553 1555 1556 1557 1956 -1
1560: 1491 1493 1494 1497 1498 1500 1501 1502 1503 1504 1505 1506 1507 1508 1509 1510 1511 1512 1513 1514 1515 1516 1517 1518 1519 1520 1522 1523 1524 1525 1527 1528 1529 1530 1531 1533 1535 1536 1537 1538 1539 1540 1542 1543 1544 1546 1547 1548 1549 1550 1551 1553 1555 1556 1557 1956 -1
1561: 60 1491 1493 1494 1497 1498 1500 1501 1502 1503 1504 1505 1506 1507 1508 1509 1510 1511 1512 1513 1514 1515 1516 1517 1518 1519 1520 1522 1523 1524 1525 1527 1528 1529 1530 1531 1533 1535 1536 1537 1538 1539 1540 1542 1543 1544 1546 1547 1548 1549 1550 1551 1553 1555 1556 1557 1558 1559 1562 1563 1574 1575 1576 1577 1581 1583 1585 1586 1587 1589 1590 1591 1592 1593 1598 1599 1601 1602 1603 1956 -1
1562: 1491 1493 1494 1497 1498 1500 1501 1502 1503 1504 1505 1506 1507 1508 1509 1510 1511 1512 1513 1514 1515 1516 1517 1518 1519 1520 1522 1523 1524 1525 1527 1528 1529 1530 1531 1533 1535 1536 1537 1538 1539 1540 1542 1543 1544 1546 1547 1548 1549 1550 1551 1552 1553 1555 1556 1557 1956 -1
1563: 1491 1493 1494 1497 1498 1500 1501 1502 1503 1504 1505 1506 1507 1508 1509 1510 1511 1512 1513 1514 1515 1516 1517 1518 1519 1520 1522 1523 1524 1525 1527 1528 1529 1530 1531 1533 1535 1536 1537 1538 1539 1540 1542 1543 1544 1546 1547 1548 1549 1550 1551 1553 1555 1556 1557 1956 -1
1564: 60 1491 1493 1494 1497 1498 1500 1501 1502 1503 1504 1505 1506 1507 1508 1509 1510 1511 1512 1513 1514 1515 1516 1517 1518 1519 1520 1522 1523 1524 1525 1527 1528 1529 1530 1531 1533 1535 1536 1537 1538 1539 1540 1542 1543 1544 1546 1547 1548 1549 1550 1551 1553 1555 1556 1557 1558 1559 1562 1563 1574 1575 1576 1577 1581 1583 1585 1586 1587 1589 1590 1591 1592 1593 1598 1599 1601 1602 1603 1956 -1
1565: 1491 1493 1494 1497 1498 1500 1501 1502 1503 1504 1505 1506 1507 1508 1509 1510 1511 1512 1513 1514 1515 1516 1517 1518 1519 1520 1522 1523 1524 1525 1527 1528 1529 1530 1531 1532 1533 1535 1536 1537 1538 1539 1540 1542 1543 1544 1546 1547 1548 1549 1550 1551 1552 1553 1555 1556 1557 1578 1956 2362 -1
1566: 1491 1493 1494 1497 1498 1500 1501 1502 1503 1504 1505 1506 1507 1508 1509 1510 1511 1512 1513 1514 1515 1516 1517 1518 1519 1520 1522 1523 1524 1525 1527 1528 1529 1530 1531 1532 1533 1535 1536 1537 1538 1539 1540 1542 1543 1544 1546 1547 1548 1549 1550 1551 1552 1553 1555 1556 1557 1956 -1
1567: 1491 1493 1494 1497 1498 1500 1501 1502 1503 1504 1505 1506 1507 1508 1509 1510 1511 1512 1513 1514 1515 1516 1517 1518 1519 1520 1522 1523 1524 1525 1527 1528 1529 1530 1531 1532 1533 1535 1536 1537 1538 1539 1540 1542 1543 1544 1546 1547 1548 1549 1550 1551 1552 1553 1555 1556 1557 1956 -1
1568: 1491 1493 1494 1497 1498 1500 1501 1502 1503 1504 1505 1506 1507 1508 1509 1510 1511 1512 1513 1514 1515 1516 1517 1518 1519 1520 1522 1523 1524 1525 1527 1528 1529 1530 1531 1532 1533 1535 1536 1537 1538 1539 1540 1542 1543 1544 1546 1547 1548 1549 1550 1551 1552 1553 1555 1556 1557 1956 -1
1569: 1491 1493 1494 1497 1498 1500 1501 1502 1503 1504 1505 1506 1507 1508 1509 1510 1511 1512 1513 1514 1515 1516 1517 1518 1519 1520 1522 1523 1524 1525 1527 1528 1529 1530 1531 1532 1533 1535 1536 1537 1538 1539 1540 1542 1543 1544 1546 1547 1548 1549 1550 1551 1552 1553 1555 1556 1557 1956 -1
1570: 1443 1491 1493 1494 1497 1498 1500 1501 1502 1503 1504 1505 1506 1507 1508 1509 1510 1511 1512 1513 1514 1515 1516 1517 1518 1519 1520 1522 1523 1524 1525 1527 1528 1529 1530 1531 1532 1533 1535 1536 1537 1538 1539 1540 1542 1543 1544 1546 1547 1548 1549 1550 1551 1552 1553 1555 1556 1557 1956 -1
1571: 1491 1493 1494 1497 1498 1500 1501 1502 1503 1504 1505 1506 1507 1508 1509 1510 1511 1512 1513 1514 1515 1516 1517 1518 1519 1520 1521 1522 1523 1524 1525 1527 1528 1529 1530 1531 1532 1533 1535 1536 1537 1538 1539 1540 1542 1543 1544 1545 1546 1547 1548 1549 1550 1551 1553 1555 1556 1557 1564 1578 1935 1938 1955 1956 -1
1572: 1491 1493 1494 1497 1498 1500 1501 1502 1503 1504 1505 1506 1507 1508 1509 1510 1511 1512 1513 1514 1515 1516 1517 1518 1519 1520 1521 1522 1523 1524 1525 1527 1528 1529 1530 1531 1532 1533 1535 1536 1537 1538 1539 1540 1542 1543 1544 1546 1547 1548 1549 1550 1551 1553 1555 1556 1557 1580 1937 1956 1957 -1
1573: 163 164 165 1491 1492 1493 1494 1497 1498 1499 1500 1501 1502 1503 1504 1505 1506 1507 1508 1509 1510 1511 1512 1513 1514 1515 1516 1517 1518 1519 1520 1521 1522 1523 1524 1525 1527 1528 1529 1530 1531 1532 1533 1534 1535 1536 1537 1538 1539 1540 1542 1543 1544 1545 1546 1547 1548 1549 1550 1551 1552 1553 1554 1555 1556 1557 1561 1578 1937 1955 1956 1957 -1
1574: -1
1575: -1
1576: -1
1577: -1
1578: -1
1579: -1
1580: -1
1581: -1
1582: -1
1583: -1
1584: 1505 1544 -1
1585: -1
1586: -1
1587: -1
1588: -1
1589: -1
1590: -1
1591: -1
1592: -1
1593: -1
1594: -1
1595: -1
1596: -1
1597: -1
1598: -1
1599: -1
1600: -1
1601: 1535 1552 1555 1556 1956 -1
1602: -1
1603: -1
1604: -1
1605: 61 1619 -1
1606: 61 1618 1619 -1
1607: 61 1619 -1
1608: 61 1619 -1
1609: 61 1619 -1
1610: 61 1619 -1
1611: 61 1619 -1
1612: 61 1619 -1
1613: 61 1619 -1
1614: 61 1619 -1
1615: 61 1619 -1
1616: 61 1619 -1
1617: 61 1619 -1
1618: 1605 1606 1607 1608 1609 1610 1611 1612 1613 1614 1616 1617 -1
1619: -1
1620: 62 -1
1621: 62 -1
1622: 62 -1
1623: -1
1624: -1
1625: -1
1626: -1
1627: -1
1628: -1
1629: -1
1630: -1
1631: -1
1632: -1
1633: -1
1634: -1
1635: -1
1636: -1
1637: -1
1638: -1
1639: -1
1640: -1
1641: -1
1642: -1
1643: 177 2545 -1
1644: -1
1645: -1
1646: -1
1647: -1
1648: -1
1649: -1
1650: -1
1651: -1
1652: -1
1653: -1
1654: -1
1655: 780 -1
1656: -1
1657: -1
1658: -1
1659: -1
1660: -1
1661: 286 509 765 1116 1122 1340 1364 1643 1671 1997 3134 3254 -1
1662: -1
1663: -1
1664: -1
1665: 1664 -1
1666: -1
1667: -1
1668: -1
1669: -1
1670: -1
1671: -1
1672: 66 1190 1676 1677 -1
1673: 640 773 -1
1674: -1
1675: -1
1676: -1
1677: -1
1678: -1
1679: 67 69 572 579 1127 1135 -1
1680: -1
1681: 67 -1
1682: 67 -1
1683: 3456 -1
1684: -1
1685: 67 304 467 1393 1686 1846 1882 3202 3456 -1
1686: 67 1882 1888 3456 -1
1687: 67 162 185 450 1362 1393 -1
1688: 67 116 126 148 185 215 283 289 295 304 309 492 565 580 593 609 625 639 788 865 1034 1045 1080 1095 1097 1101 1116 1343 1344 1346 1360 1393 1440 1448 1455 1484 1485 1636 1643 1962 1966 1973 1976 1994 2089 2119 2124 2206 2439 2549 2553 2555 2556 2694 2726 2732 2735 2815 3006 3126 3127 3133 3149 3164 3198 3221 3247 3253 3312 3456 -1
1689: 67 1135 1364 -1
1690: 67 1135 -1
1691: 67 -1
1692: 67 493 1119 1127 1341 1689 1888 2116 2125 2126 2130 3334 -1
1693: 67 1127 -1
1694: 67 1369 -1
1695: 67 -1
1696: 67 579 1127 1132 1135 2084 -1
1697: 67 1071 1323 1467 1967 2407 2732 -1
1698: 67 1119 1354 -1
1699: 67 593 2075 -1
1700: 67 1355 -1
1701: 67 176 185 188 195 203 256 339 478 502 514 562 611 765 778 780 790 805 1034 1051 1095 1096 1124 1643 1660 1940 1944 2185 2463 2543 2545 2724 3119 3120 3275 -1
1702: 67 1355 1465 -1
1703: 67 572 579 1110 1111 1118 1120 1127 1128 1132 1133 1135 2411 -1
1704: 67 198 299 304 465 593 784 1069 1455 1901 1966 2696 2735 3217 3278 -1
1705: 67 -1
1706: 67 -1
1707: 67 -1
1708: 67 1119 1120 1326 1341 1364 1365 -1
1709: 67 203 208 1344 1348 -1
1710: 67 162 579 1119 1128 1131 1132 1344 1348 1365 1698 3453 -1
1711: 67 170 204 208 265 280 286 288 289 291 333 402 492 495 504 508 596 599 613 638 688 692 765 775 793 794 865 978 988 993 1000 1025 1081 1084 1105 1108 1110 1111 1118 1125 1133 1147 1153 1323 1342 1344 1353 1360 1364 1455 1624 1626 1643 1654 1656 1659 1845 1974 2071 2124 2466 2541 2726 3146 3149 3156 3217 3247 3452 3457 -1
1712: 67 579 1107 1119 1120 1128 1131 1199 1326 1340 1341 1360 1364 1365 1472 1698 2085 2122 2131 2407 2538 3193 3217 3254 3459 -1
1713: 67 -1
1714: 67 69 198 273 337 493 508 1131 1132 1133 1326 1654 2001 2106 -1
1715: 67 1128 1340 1344 -1
1716: 67 1128 1186 -1
1717: 67 126 161 170 171 178 280 290 291 292 338 402 429 464 493 560 565 572 593 641 765 795 823 988 993 1000 1043 1053 1080 1116 1122 1123 1135 1143 1145 1188 1340 1359 1440 1448 1471 1484 1643 1649 1653 1654 1666 1966 2011 2059 2065 2130 2331 2545 2735 2806 3143 3163 3280 3312 3459 -1
1718: 67 1346 1348 1353 1360 2128 2694 -1
1719: 67 78 168 206 208 253 280 291 303 305 309 310 311 315 325 326 338 442 443 444 463 464 487 492 493 507 568 572 578 581 584 593 599 600 603 611 625 626 635 638 641 645 765 771 788 795 823 977 1029 1030 1034 1037 1039 1046 1051 1071 1093 1095 1098 1125 1127 1132 1134 1147 1155 1352 1353 1360 1364 1393 1435 1437 1438 1442 1444 1448 1451 1455 1471 1484 1643 1648 1659 1663 1664 1665 1667 1718 1882 1962 1966 1973 1976 1989 2007 2011 2070 2075 2084 2085 2106 2124 2130 2131 2149 2167 2206 2378 2445 2517 2540 2696 2716 2717 2726 2729 2732 2735 2805 2811 2965 3131 3133 3149 3150 3151 3156 3163 3188 3218 3254 3310 3312 3327 3366 3452 -1
1720: 67 3193 -1
1721: 67 185 218 337 593 626 1096 2071 2806 3156 3157 3202 -1
1722: 67 573 574 985 -1
1723: 67 765 1482 1643 3452 -1
1724: 67 304 988 989 1000 1889 3456 -1
1725: 67 170 238 241 411 576 598 985 1109 1113 1120 1121 1122 1125 1129 1132 1324 1325 1349 1356 1361 1369 1661 1662 1865 2085 2539 -1
1726: 67 167 170 209 625 782 790 989 996 1105 1108 1111 1113 1118 1124 1341 1865 2001 2185 2407 -1
1727: 67 462 493 593 996 1025 1030 1103 1106 1108 1109 1110 1111 1113 1115 1116 1118 1119 1122 1123 1125 1128 1129 1131 1133 1135 1341 1364 1368 1650 2128 2185 3254 -1
1728: 67 69 265 496 792 1120 1133 1333 -1
1729: 67 -1
1730: 67 256 265 1110 -1
1731: 67 185 251 495 794 1313 1327 1659 2466 3141 -1
1732: 67 162 290 309 562 -1
1733: 67 283 593 609 1093 1882 2470 3456 -1
1734: 67 148 1364 3246 -1
1735: 67 171 208 212 218 220 253 267 286 299 304 314 315 317 463 593 599 772 788 989 1069 1199 1455 1962 2011 2012 2014 2015 2075 2084 2106 2206 2342 2402 2403 2404 2454 2679 2735 2801 2803 2815 3186 3218 3310 3317 3459 -1
1736: 67 -1
1737: 67 467 989 1110 1328 2407 2414 -1
1738: 67 -1
1739: 67 170 3189 -1
1740: 67 1865 2095 2106 -1
1741: 67 2106 -1
1742: 67 -1
1743: 67 1882 -1
1744: 67 271 335 1110 1362 -1
1745: 67 402 -1
1746: 67 1865 1882 3456 -1
1747: 67 -1
1748: 67 485 598 1110 1113 1324 1325 1328 1336 1349 1362 1865 1882 2001 2011 2086 2088 2095 2106 2414 3452 -1
1749: 67 -1
1750: 67 -1
1751: 67 -1
1752: 67 299 304 1882 3456 -1
1753: 67 -1
1754: 67 185 208 253 265 304 315 464 492 495 514 572 593 604 646 771 789 795 978 999 1032 1129 1145 1190 1344 1455 1643 1882 1966 2059 2065 2085 2124 2130 2167 2205 2206 2434 2438 2445 2696 2716 2726 2732 2735 2805 2811 3126 3133 3149 3156 3163 3170 3249 3312 3317 -1
1755: 67 -1
1756: 67 187 255 599 1342 1455 1643 1966 1968 2206 2464 -1
1757: 67 1865 -1
1758: 67 1865 -1
1759: 67 1882 -1
1760: 67 3456 -1
1761: 67 -1
1762: 67 -1
1763: 67 209 267 312 573 574 579 593 599 782 1345 2702 2815 -1
1764: 67 1797 2716 3456 -1
1765: 67 238 1882 1889 -1
1766: 67 1882 2694 3202 3250 3456 -1
1767: 67 -1
1768: 67 1882 -1
1769: 67 3456 -1
1770: 67 1103 1455 1686 1800 1882 3202 3456 -1
1771: 67 1342 -1
1772: 67 3456 -1
1773: 67 1882 -1
1774: 67 208 245 496 508 617 778 794 989 1111 1189 1686 1746 1865 1882 1885 1887 1888 1889 2001 3202 3456 -1
1775: 67 1885 1887 -1
1776: 67 -1
1777: 67 184 197 282 285 332 512 692 972 1008 2716 -1
1778: 67 -1
1779: 67 -1
1780: 67 1071 3279 -1
1781: 67 1882 3202 3456 -1
1782: 67 989 1865 -1
1783: 67 -1
1784: 67 -1
1785: 67 1885 1887 3456 -1
1786: 67 1865 -1
1787: 67 -1
1788: 67 -1
1789: 67 -1
1790: 67 286 467 1885 1887 1985 3456 -1
1791: 67 -1
1792: 67 3456 -1
1793: 67 -1
1794: 67 1686 1879 1882 1885 1887 3202 -1
1795: 67 -1
1796: 67 161 593 823 3456 -1
1797: 67 1886 -1
1798: 67 1882 3456 -1
1799: 67 1120 -1
1800: 67 -1
1801: 67 209 714 1008 -1
1802: 67 256 -1
1803: 67 -1
1804: 67 275 -1
1805: 67 1882 3202 3456 -1
1806: 67 495 593 1455 2443 3456 -1
1807: 67 1882 -1
1808: 67 -1
1809: 67 -1
1810: 67 171 178 288 338 485 495 597 1109 1110 1346 1484 1485 1643 1659 2001 2008 2086 2732 -1
1811: 67 -1
1812: 67 168 638 782 1326 1328 2071 2416 -1
1813: 67 1654 3456 -1
1814: 67 254 338 429 492 493 508 568 569 572 580 581 593 765 999 1079 1092 1093 1130 1183 1631 1643 1960 1974 1980 2131 2539 3124 3138 3163 3187 3191 3202 3217 3275 3312 3452 3459 -1
1815: 67 -1
1816: 67 1865 3456 -1
1817: 67 167 177 273 283 290 292 295 336 338 339 478 507 558 560 600 630 635 636 638 766 782 1034 1037 1083 1085 1093 1096 1184 1324 1325 1394 1485 1623 1626 1630 1632 1637 1642 1643 1653 1655 1656 1976 2071 2206 3197 -1
1818: 1113 1336 1882 1888 2001 3202 3456 -1
1819: 67 1685 1865 1882 2416 3202 3456 -1
1820: 67 1882 2416 3456 -1
1821: 67 3456 -1
1822: 67 178 2105 3456 -1
1823: 67 1639 1654 1846 1865 1882 1888 3188 3456 -1
1824: 67 -1
1825: 67 -1
1826: 67 -1
1827: 67 3202 3456 -1
1828: 67 265 418 988 993 1000 1885 1887 1889 2011 2012 2013 2014 2015 -1
1829: 67 148 450 561 765 823 1394 3197 -1
1830: 67 -1
1831: 67 3456 -1
1832: 67 2717 -1
1833: 67 -1
1834: 67 -1
1835: 67 -1
1836: 67 989 -1
1837: 67 -1
1838: 67 1686 1846 1885 1887 3456 -1
1839: 67 3456 -1
1840: 67 1888 -1
1841: 67 1996 -1
1842: 67 625 1052 1105 1110 1111 1113 1118 1125 1140 1360 2085 2130 2467 3138 -1
1843: 67 -1
1844: 67 1393 -1
1845: 67 493 1113 1116 1120 1122 1131 1347 1349 1361 1980 2084 3459 -1
1846: 67 1792 1865 1882 1885 1887 1888 1889 3202 -1
1847: 67 450 1324 1325 2716 -1
1848: 67 187 638 2696 2735 3280 3308 -1
1849: 67 3456 -1
1850: 67 245 270 597 782 785 1101 1362 -1
1851: 67 288 291 493 502 1113 2543 -1
1852: 67 795 -1
1853: 67 599 1341 1708 -1
1854: 67 -1
1855: 67 -1
1856: 67 182 189 265 597 617 770 773 805 1008 1113 -1
1857: 67 187 467 1889 3456 -1
1858: 67 1113 1865 1882 1885 1887 1889 -1
1859: 67 1882 3202 3456 -1
1860: 67 -1
1861: 67 1885 1887 -1
1862: 67 -1
1863: 67 -1
1864: 67 -1
1865: 67 1882 -1
1866: 67 1882 1885 1887 -1
1867: 67 1882 -1
1868: 67 989 -1
1869: 67 -1
1870: 67 1885 1887 -1
1871: 67 -1
1872: 67 -1
1873: 67 -1
1874: 67 1882 1885 1887 -1
1875: 67 1184 1484 3456 -1
1876: 67 1865 -1
1877: 67 -1
1878: 67 -1
1879: 67 -1
1880: 67 -1
1881: 67 1880 1882 1885 1887 -1
1882: 67 -1
1883: 67 673 1680 1683 1684 1886 -1
1884: 1681 -1
1885: 1887 -1
1886: -1
1887: -1
1888: -1
1889: -1
1890: -1
1891: 69 208 238 265 278 280 401 440 491 496 508 515 576 609 778 794 814 1111 1120 1189 1342 2085 -1
1892: 69 1107 1120 1126 1393 -1
1893: 69 -1
1894: 69 -1
1895: 69 -1
1896: 69 -1
1897: 69 283 496 579 1120 1132 1332 1469 3218 3459 -1
1898: 69 -1
1899: 69 83 238 265 430 496 628 866 1116 1120 1122 1130 1132 1347 1360 1361 1365 1472 2084 2106 2122 2124 3217 -1
1900: 69 178 273 283 286 290 295 304 336 338 464 484 493 494 495 496 508 568 609 625 644 646 765 794 1033 1034 1051 1070 1075 1085 1089 1095 1098 1116 1144 1156 1183 1184 1199 1323 1328 1360 1446 1448 1455 1477 1484 1626 1628 1633 1636 1637 1642 1643 1645 1647 1649 1653 1655 1656 1667 1966 1989 2130 2149 2171 2200 2206 2540 2544 2715 2735 2805 2812 2831 2851 3124 3126 3133 3139 3143 3149 3167 3188 3243 3254 3308 3311 3312 3317 3322 3451 3455 -1
1901: 69 496 1129 1332 1365 1902 2013 2085 2122 3312 -1
1902: 69 299 496 789 1113 1129 1131 1365 2013 2085 2106 -1
1903: 69 209 -1
1904: 69 579 676 1103 1128 1132 1135 1326 1332 1344 1365 1470 1483 1720 -1
1905: 69 613 628 1103 1116 1120 1122 1126 1130 1133 1186 1311 1340 1360 1361 1363 1364 1472 1655 1997 2106 2122 2124 2128 2205 2534 2696 3217 3227 3254 3276 3459 -1
1906: 69 2124 3459 -1
1907: 69 -1
1908: 69 -1
1909: 69 -1
1910: 69 1116 1333 1347 1906 2124 3217 3459 -1
1911: 69 -1
1912: 69 1132 -1
1913: 69 573 574 -1
1914: 69 790 2149 -1
1915: 69 1383 1385 -1
1916: 69 -1
1917: 69 -1
1918: 69 1113 -1
1919: 69 -1
1920: 69 644 2998 -1
1921: 69 -1
1922: 69 -1
1923: 69 178 286 463 600 603 765 1034 1041 1075 1087 1093 1094 1632 1888 2543 -1
1924: 69 1340 1651 2998 -1
1925: 69 292 603 625 638 646 765 1034 1046 1077 1184 1888 2206 -1
1926: 69 178 284 286 291 610 614 643 1051 1204 1888 2149 -1
1927: 69 286 603 765 1034 1046 -1
1928: 69 -1
1929: 69 -1
1930: 69 194 240 373 403 411 496 568 572 622 1050 1111 1120 1122 1128 1130 1133 1336 1340 1347 1361 1365 1661 1662 1905 2084 2106 2110 2111 2124 2126 2128 2195 3236 -1
1931: 69 1117 1119 1341 -1
1932: 69 203 208 209 579 996 1110 1111 1116 1117 1118 1119 1120 1125 1127 1128 1135 1341 -1
1933: 70 222 500 563 602 796 1114 1180 1370 1388 1600 1668 1669 1670 2104 2719 2733 2734 2807 2810 3142 3176 -1
1934: 70 222 500 563 602 796 1114 1180 1370 1388 1600 1668 1669 1670 2104 2719 2733 2734 2807 2810 3142 3176 -1
1935: 70 222 500 563 602 796 1114 1180 1370 1388 1600 1668 1669 1670 2104 2719 2733 2734 2807 2810 3142 3176 -1
1936: 1668 -1
1937: 70 -1
1938: 70 -1
1939: -1
1940: -1
1941: -1
1942: -1
1943: -1
1944: -1
1945: -1
1946: -1
1947: -1
1948: -1
1949: -1
1950: -1
1951: -1
1952: -1
1953: -1
1954: -1
1955: 70 500 563 602 1180 1388 1668 2719 3176 -1
1956: 70 500 563 602 1180 1388 1668 2719 3176 -1
1957: 70 500 563 602 1180 1388 1668 2719 3176 -1
1958: 70 500 563 602 1180 1388 1668 2719 3176 -1
1959: 71 -1
1960: -1
1961: -1
1962: -1
1963: 1959 -1
1964: -1
1965: -1
1966: -1
1967: -1
1968: -1
1969: 1959 -1
1970: 495 1360 1472 -1
1971: -1
1972: -1
1973: -1
1974: -1
1975: -1
1976: -1
1977: -1
1978: -1
1979: -1
1980: -1
1981: -1
1982: -1
1983: -1
1984: -1
1985: -1
1986: -1
1987: -1
1988: -1
1989: -1
1990: -1
1991: -1
1992: -1
1993: -1
1994: -1
1995: -1
1996: -1
1997: -1
1998: -1
1999: -1
2000: -1
2001: -1
2002: -1
2003: 1998 -1
2004: -1
2005: -1
2006: -1
2007: -1
2008: -1
2009: -1
2010: -1
2011: -1
2012: -1
2013: -1
2014: 2015 -1
2015: -1
2016: 74 -1
2017: 1948 -1
2018: 75 1948 2017 2019 2020 2021 2022 2023 2024 2025 -1
2019: 1948 -1
2020: 1948 -1
2021: 1948 -1
2022: 1948 -1
2023: 2010 -1
2024: -1
2025: -1
2026: 76 -1
2027: 76 -1
2028: 76 -1
2029: 76 1141 1158 2028 2735 -1
2030: 76 -1
2031: 77 2032 -1
2032: -1
2033: 78 2034 2035 2036 2037 2038 2039 2049 2050 2051 2052 2055 -1
2034: -1
2035: -1
2036: -1
2037: -1
2038: 2033 -1
2039: -1
2040: 78 148 267 299 496 593 789 2086 2095 2261 2735 2815 3276 -1
2041: 78 -1
2042: 78 203 299 304 678 1455 2735 -1
2043: 78 1070 1131 -1
2044: 78 2034 2049 2050 2051 2052 2055 -1
2045: 78 -1
2046: 78 2035 -1
2047: 78 2035 -1
2048: 78 2035 2036 -1
2049: -1
2050: -1
2051: -1
2052: -1
2053: 78 218 281 402 2033 2034 2035 2036 2037 2038 2039 2049 2050 2051 2052 2055 2466 -1
2054: 78 281 402 2033 2034 2035 2036 2037 2038 2039 2048 2049 2050 2051 2052 2055 -1
2055: -1
2056: -1
2057: 79 2056 -1
2058: 79 -1
2059: -1
2060: -1
2061: -1
2062: -1
2063: -1
2064: -1
2065: -1
2066: -1
2067: -1
2068: -1
2069: -1
2070: 290 -1
2071: -1
2072: -1
2073: -1
2074: 2078 -1
2075: -1
2076: -1
2077: 167 625 2467 -1
2078: -1
2079: 80 -1
2080: -1
2081: -1
2082: -1
2083: -1
2084: 167 206 560 562 773 779 1084 2080 2081 2082 2090 2091 2092 2099 2100 2101 2102 2103 -1
2085: -1
2086: -1
2087: -1
2088: -1
2089: -1
2090: -1
2091: -1
2092: -1
2093: -1
2094: -1
2095: -1
2096: -1
2097: -1
2098: -1
2099: -1
2100: -1
2101: -1
2102: -1
2103: -1
2104: -1
2105: -1
2106: -1
2107: -1
2108: 81 82 2107 -1
2109: 1365 -1
2110: 292 295 339 484 485 487 494 502 560 617 622 773 782 794 1028 1318 1324 1325 1326 1328 1344 1484 2416 -1
2111: -1
2112: 83 -1
2113: -1
2114: -1
2115: -1
2116: -1
2117: -1
2118: -1
2119: -1
2120: -1
2121: -1
2122: -1
2123: -1
2124: -1
2125: -1
2126: -1
2127: -1
2128: -1
2129: -1
2130: -1
2131: -1
2132: -1
2133: 2466 -1
2134: 84 2135 -1
2135: -1
2136: -1
2137: 2136 -1
2138: 2136 -1
2139: 2136 -1
2140: 2136 -1
2141: -1
2142: -1
2143: -1
2144: 1059 -1
2145: -1
2146: -1
2147: -1
2148: -1
2149: -1
2150: -1
2151: 2166 -1
2152: 2166 -1
2153: 2166 -1
2154: 2166 -1
2155: 2166 -1
2156: 2166 -1
2157: 2166 -1
2158: 2166 -1
2159: 2166 -1
2160: -1
2161: -1
2162: -1
2163: -1
2164: -1
2165: -1
2166: 88 -1
2167: -1
2168: 2169 -1
2169: -1
2170: -1
2171: -1
2172: 89 178 255 288 291 292 401 431 491 848 870 1111 1189 1467 1660 1997 2010 2178 2179 2180 2181 2182 2183 2184 2187 2188 2190 2191 2192 2193 2194 2196 -1
2173: 89 2178 2179 2180 2181 2182 2183 2184 2187 2188 2190 2191 2192 2193 2194 2196 -1
2174: 89 2178 2179 2180 2181 2182 2183 2184 2187 2188 2190 2191 2192 2193 2194 2196 -1
2175: 89 2178 2179 2180 2181 2182 2183 2184 2187 2188 2190 2191 2192 2193 2194 2196 -1
2176: 1939 1947 -1
2177: 1939 1947 -1
2178: -1
2179: -1
2180: -1
2181: -1
2182: -1
2183: -1
2184: -1
2185: -1
2186: 1939 1947 -1
2187: -1
2188: -1
2189: -1
2190: -1
2191: -1
2192: -1
2193: -1
2194: -1
2195: -1
2196: -1
2197: -1
2198: -1
2199: -1
2200: -1
2201: -1
2202: -1
2203: -1
2204: -1
2205: -1
2206: -1
2207: 1344 2209 2210 2211 2212 2213 2217 2218 2219 2220 2221 2222 2223 2224 2225 2226 -1
2208: 2209 2210 2211 2212 2213 2217 2218 2219 2220 2221 2222 2223 2224 2225 2226 -1
2209: 92 2208 2214 2215 2216 2227 2228 2229 2230 2232 2233 2234 2235 2236 2237 2238 2239 -1
2210: 92 2208 2214 2215 2216 2227 2228 2229 2230 2232 2233 2234 2235 2236 2237 2238 2239 -1
2211: 92 2208 2214 2215 2216 2227 2228 2229 2230 2232 2233 2234 2235 2236 2237 2238 2239 -1
2212: 92 2208 2214 2215 2216 2227 2228 2229 2230 2232 2233 2234 2235 2236 2237 2238 2239 -1
2213: 92 2208 2214 2215 2216 2229 2232 2233 2234 2235 2236 2237 2238 -1
2214: 2209 2210 2211 2212 2213 2217 2218 2219 2220 2221 2222 2223 2224 2225 2226 -1
2215: 2209 2210 2211 2212 2213 2217 2218 2219 2220 2221 2222 2223 2224 2225 2226 -1
2216: 2209 2210 2211 2212 2213 2217 2218 2219 2220 2221 2222 2223 2224 2225 2226 -1
2217: 92 2208 2214 2215 2216 2227 2228 2229 2230 2232 2233 2234 2235 2236 2237 2238 2239 -1
2218: 92 2208 2214 2215 2216 2227 2228 2229 2230 2232 2233 2234 2235 2236 2237 2238 2239 -1
2219: 92 2208 2214 2215 2216 2227 2228 2229 2230 2232 2233 2234 2235 2236 2237 2238 2239 -1
2220: 92 2208 2214 2215 2216 2227 2228 2229 2230 2232 2233 2234 2235 2236 2237 2238 2239 -1
2221: 92 2208 2214 2215 2216 2227 2228 2229 2230 2232 2233 2234 2235 2236 2237 2238 2239 -1
2222: 92 2208 2214 2215 2216 2227 2228 2229 2230 2232 2233 2234 2235 2236 2237 2238 2239 -1
2223: 92 2208 2214 2215 2216 2227 2228 2229 2230 2232 2233 2234 2235 2236 2237 2238 2239 -1
2224: 92 2208 2214 2215 2216 2227 2228 2229 2230 2232 2233 2234 2235 2236 2237 2238 2239 -1
2225: 92 2208 2214 2215 2216 2227 2228 2229 2230 2232 2233 2234 2235 2236 2237 2238 2239 -1
2226: 92 2208 2214 2215 2216 2227 2228 2229 2230 2232 2233 2234 2235 2236 2237 2238 2239 -1
2227: 2209 2210 2211 2212 2213 2217 2218 2219 2220 2221 2222 2223 2224 2225 2226 -1
2228: 2209 2210 2211 2212 2213 2217 2218 2219 2220 2221 2222 2223 2224 2225 2226 -1
2229: 2209 2210 2211 2212 2213 2217 2218 2219 2220 2221 2222 2223 2224 2225 2226 -1
2230: 2209 2210 2211 2212 2213 2217 2218 2219 2220 2221 2222 2223 2224 2225 2226 -1
2231: 92 -1
2232: -1
2233: -1
2234: -1
2235: -1
2236: -1
2237: 2209 2210 2211 2212 2213 2217 2218 2219 2220 2221 2222 2223 2224 2225 2226 -1
2238: 2209 2210 2211 2212 2213 2217 2218 2219 2220 2221 2222 2223 2224 2225 2226 -1
2239: 2209 2210 2211 2212 2213 2217 2218 2219 2220 2221 2222 2223 2224 2225 2226 -1
2240: 93 476 559 -1
2241: 93 476 559 609 790 1030 1037 1077 1081 1093 1183 -1
2242: 93 290 338 339 476 478 484 494 559 -1
2243: 93 119 125 174 217 275 283 286 295 324 336 401 450 476 484 492 494 495 502 504 508 512 559 568 572 593 609 610 614 616 625 631 638 644 765 780 790 805 865 985 1032 1034 1036 1038 1048 1071 1075 1080 1081 1085 1089 1093 1102 1120 1141 1182 1184 1204 1328 1340 1344 1353 1443 1446 1448 1449 1477 1484 1626 1630 1632 1640 1643 1659 1660 1960 1962 1966 1976 1984 1989 1996 1998 2003 2077 2085 2087 2089 2124 2131 2206 2378 2407 2416 2447 2464 2539 2543 2723 2735 2805 2811 3126 3128 3131 3133 3134 3143 3149 3150 3153 3163 3187 3188 3190 3196 3199 3277 3278 3279 3280 3317 3327 3350 3451 3452 3454 3455 3457 -1
2244: 93 476 559 -1
2245: 93 297 339 476 478 485 501 559 -1
2246: 93 476 484 494 559 -1
2247: 93 296 476 559 -1
2248: 93 476 559 -1
2249: 93 332 338 339 476 478 512 559 1124 2262 -1
2250: 93 476 559 -1
2251: 93 476 493 559 2206 -1
2252: 93 286 290 292 336 476 559 614 616 1051 1102 1199 2545 -1
2253: 93 148 476 559 593 1096 1364 2455 -1
2254: 93 476 559 593 -1
2255: 93 464 476 559 -1
2256: 93 332 339 476 484 485 494 501 503 513 559 1120 1324 1477 -1
2257: 93 476 559 -1
2258: 93 339 476 559 -1
2259: 93 476 478 559 1323 -1
2260: 93 476 559 -1
2261: 93 476 559 2403 -1
2262: 93 290 339 476 478 512 559 1183 1484 1637 1653 2085 2249 2735 2806 3312 -1
2263: 93 476 485 501 559 -1
2264: 93 126 177 243 275 290 476 492 493 495 559 565 578 579 580 593 599 625 646 765 865 1035 1071 1083 1084 1085 1089 1135 1143 1199 1340 1344 1359 1436 1455 1643 1653 1973 2131 2167 2206 2715 2717 2726 2735 2806 2811 3006 3124 3125 3129 3131 3138 3139 3149 3162 3163 3188 3217 3310 3312 -1
2265: 93 291 338 339 476 478 484 485 494 501 559 -1
2266: 93 476 559 -1
2267: 93 476 559 -1
2268: 93 476 559 -1
2269: 93 125 292 476 509 559 562 780 790 2540 -1
2270: 93 476 559 593 620 -1
2271: 93 476 559 615 1085 1655 -1
2272: 93 185 476 485 559 -1
2273: 93 476 496 559 1440 2815 -1
2274: 93 476 559 770 978 3250 -1
2275: 93 283 339 476 478 484 485 494 501 509 559 -1
2276: 93 292 295 297 336 338 339 476 478 503 559 1324 1325 1344 -1
2277: 93 195 476 478 484 485 494 501 509 559 -1
2278: 93 295 476 559 625 1037 1093 2131 2717 2722 2815 -1
2279: 93 476 512 559 -1
2280: 93 463 476 559 2206 -1
2281: 93 295 476 493 501 559 641 646 765 771 1034 1048 1071 1140 1626 1631 1632 1637 1643 1647 1650 1655 1656 2119 2148 3133 3452 -1
2282: 93 161 295 339 476 559 603 1085 1360 1659 1996 2534 3217 -1
2283: 93 295 476 559 -1
2284: 93 339 476 509 559 1999 2002 2007 -1
2285: 93 476 559 -1
2286: 93 476 484 494 559 -1
2287: 93 297 476 559 -1
2288: 93 476 559 -1
2289: 93 476 559 -1
2290: 93 476 559 -1
2291: 93 476 559 2171 3138 -1
2292: 93 290 476 559 -1
2293: 93 476 559 -1
2294: 93 476 559 -1
2295: 93 218 220 267 476 559 593 789 1008 1086 1357 1455 2541 2543 2732 2735 2815 3279 3456 -1
2296: 93 291 476 513 559 596 -1
2297: 93 476 559 -1
2298: 93 476 559 -1
2299: 93 476 559 2075 -1
2300: 93 476 559 -1
2301: 93 476 559 638 -1
2302: 93 476 559 -1
2303: 93 476 559 -1
2304: 93 476 559 -1
2305: 93 476 559 -1
2306: 93 476 559 -1
2307: 93 476 559 -1
2308: 93 185 195 290 339 476 559 -1
2309: 93 267 476 478 496 559 609 789 1069 1328 1455 1964 2403 2815 3006 -1
2310: 93 291 295 476 503 559 638 -1
2311: 93 476 559 2403 -1
2312: 93 476 559 -1
2313: 93 476 559 -1
2314: 93 476 559 -1
2315: 93 210 476 559 -1
2316: 93 476 559 2206 -1
2317: 93 476 484 494 559 -1
2318: 93 476 559 -1
2319: 93 159 286 476 559 1449 -1
2320: 93 476 559 -1
2321: 93 476 559 -1
2322: 93 339 476 478 484 485 494 559 -1
2323: 93 476 559 -1
2324: 93 476 559 2131 -1
2325: 93 476 559 -1
2326: 93 476 559 -1
2327: 93 476 559 -1
2328: 93 295 476 559 -1
2329: 93 184 195 476 513 559 560 593 625 674 823 824 2070 2073 2149 2171 3156 3275 -1
2330: 93 295 297 476 559 780 1083 1093 1102 1188 1655 2717 2726 -1
2331: 93 125 126 476 493 513 559 562 565 593 599 633 765 823 1043 1071 1089 1098 1108 1110 1155 1340 1443 1455 1471 1643 1666 1962 1968 2065 2073 2077 2206 2726 2735 2811 3138 3139 3187 3189 3235 3312 3452 -1
2332: 93 476 559 -1
2333: 93 476 559 -1
2334: 93 280 309 403 467 651 652 673 676 677 783 1000 1383 1389 1462 1659 1671 1775 1885 2003 2014 2406 2464 2541 2708 3192 3312 3327 -1
2335: 93 -1
2336: 93 -1
2337: -1
2338: 2517 -1
2339: 94 209 562 676 1312 1332 1348 2119 2463 2465 2466 -1
2340: 95 280 483 1155 1436 1779 1879 2094 2103 2252 2271 2291 2300 2835 2897 3359 3432 -1
2341: 96 -1
2342: -1
2343: -1
2344: -1
2345: -1
2346: -1
2347: 97 2352 2353 2354 2355 2356 2357 2358 2359 2360 -1
2348: -1
2349: -1
2350: -1
2351: -1
2352: -1
2353: -1
2354: -1
2355: -1
2356: -1
2357: -1
2358: -1
2359: -1
2360: -1
2361: -1
2362: -1
2363: 98 2373 -1
2364: 98 -1
2365: 98 1033 1099 2330 3292 -1
2366: 98 572 2378 -1
2367: 98 1360 2366 2378 -1
2368: 98 -1
2369: 98 2130 -1
2370: 98 1123 -1
2371: 98 493 1119 1120 1341 1888 2119 2130 -1
2372: 98 -1
2373: 98 572 579 1132 1199 1360 2380 2381 2382 2383 2384 2385 2386 2387 2388 2389 -1
2374: 98 -1
2375: 98 -1
2376: 98 275 564 679 867 1357 1911 1950 1960 2065 2160 3289 3341 -1
2377: 98 2378 2735 -1
2378: -1
2379: 572 -1
2380: -1
2381: -1
2382: -1
2383: -1
2384: -1
2385: 2373 -1
2386: -1
2387: -1
2388: -1
2389: -1
2390: 99 -1
2391: 99 -1
2392: 99 -1
2393: 99 -1
2394: 99 -1
2395: 99 -1
2396: 99 -1
2397: 99 -1
2398: 99 -1
2399: 99 -1
2400: 100 2311 -1
2401: -1
2402: -1
2403: -1
2404: -1
2405: -1
2406: 2405 -1
2407: -1
2408: -1
2409: 1888 2407 2411 2414 -1
2410: 3456 -1
2411: -1
2412: 1332 1980 -1
2413: -1
2414: -1
2415: -1
2416: -1
2417: -1
2418: 103 2419 -1
2419: -1
2420: 2484 -1
2421: 104 2430 -1
2422: 104 2430 -1
2423: 104 2430 -1
2424: 104 2430 -1
2425: 104 2430 -1
2426: 104 2430 -1
2427: 104 2430 -1
2428: 104 2430 -1
2429: 104 2430 -1
2430: -1
2431: -1
2432: 106 2433 2435 2436 -1
2433: 106 2432 2435 2446 -1
2434: -1
2435: -1
2436: -1
2437: -1
2438: -1
2439: -1
2440: -1
2441: -1
2442: -1
2443: -1
2444: -1
2445: -1
2446: -1
2447: -1
2448: -1
2449: 107 -1
2450: 593 1961 2696 2735 -1
2451: 304 -1
2452: 304 -1
2453: 593 2735 -1
2454: -1
2455: -1
2456: 304 2453 -1
2457: 2461 -1
2458: -1
2459: -1
2460: 304 -1
2461: -1
2462: -1
2463: -1
2464: -1
2465: -1
2466: -1
2467: -1
2468: 304 -1
2469: -1
2470: -1
2471: -1
2472: 108 1013 1018 1019 1025 -1
2473: 108 1010 1012 1013 1014 1015 1016 1017 1018 1019 1020 1022 1023 1024 1025 1026 1674 1675 1678 2482 -1
2474: 108 1010 1012 1013 1014 1015 1016 1017 1018 1019 1020 1022 1023 1024 1025 1026 1674 1675 1678 2482 -1
2475: 108 1010 1012 1013 1014 1015 1016 1017 1018 1019 1020 1022 1023 1024 1025 1026 1674 1675 1678 2482 -1
2476: 108 1010 1012 1013 1014 1015 1016 1017 1018 1019 1020 1022 1023 1024 1025 1026 1674 1675 1678 2482 -1
2477: 108 1010 1012 1013 1014 1015 1016 1017 1018 1019 1020 1022 1023 1024 1025 1026 1674 1675 1678 2482 -1
2478: 108 1010 1012 1013 1014 1015 1016 1017 1018 1019 1020 1022 1023 1024 1025 1026 1674 1675 1678 2482 -1
2479: 108 641 795 1010 1012 1013 1014 1015 1016 1017 1018 1019 1020 1022 1023 1024 1025 1026 1654 1674 1675 1678 2482 3452 -1
2480: 108 1010 1012 1013 1014 1015 1016 1017 1018 1019 1020 1022 1023 1024 1025 1026 1674 1675 1678 2482 -1
2481: -1
2482: -1
2483: 109 2484 2485 -1
2484: 109 2485 -1
2485: -1
2486: 1939 1947 -1
2487: 1939 1947 -1
2488: 1939 1947 -1
2489: 1939 1947 -1
2490: 1939 1947 -1
2491: 1939 1947 -1
2492: 1939 1947 -1
2493: 1939 1947 -1
2494: 1939 1947 -1
2495: 1939 1947 -1
2496: 1939 1947 -1
2497: 1939 1947 -1
2498: 1939 1947 -1
2499: 1939 1947 -1
2500: 1939 1947 -1
2501: 1939 1947 -1
2502: 1939 1947 -1
2503: 1939 1947 -1
2504: 1939 1947 -1
2505: 1939 1947 -1
2506: 1939 1947 -1
2507: 110 -1
2508: 110 -1
2509: 110 -1
2510: 110 -1
2511: 110 -1
2512: 110 -1
2513: 110 -1
2514: -1
2515: -1
2516: -1
2517: -1
2518: 111 177 2514 2515 2516 2517 2519 -1
2519: 1643 2696 -1
2520: 112 2524 -1
2521: -1
2522: 112 2521 2524 -1
2523: 243 402 403 504 568 572 1133 2084 2522 2525 -1
2524: -1
2525: 112 2521 2524 -1
2526: -1
2527: 112 1313 1327 1477 1487 2521 2523 2524 2525 2526 -1
2528: 113 -1
2529: 113 2539 -1
2530: 113 -1
2531: 113 -1
2532: 113 1135 -1
2533: -1
2534: -1
2535: -1
2536: 573 574 -1
2537: -1
2538: -1
2539: -1
2540: -1
2541: -1
2542: 623 -1
2543: -1
2544: -1
2545: -1
2546: 115 2547 2548 -1
2547: -1
2548: -1
2549: 2555 2556 2568 -1
2550: 116 2549 2552 2553 -1
2551: -1
2552: -1
2553: -1
2554: 116 2549 2551 2552 2553 -1
2555: 116 2549 2551 2553 2556 -1
2556: 116 2549 2553 2555 -1
2557: 116 2549 2551 2553 2556 -1
2558: 116 2549 2553 2556 2569 -1
2559: 116 2549 2551 2553 2555 2556 -1
2560: 116 2549 2553 -1
2561: 116 402 2464 2466 2549 2553 3312 -1
2562: 116 2549 2553 -1
2563: 116 2549 2553 -1
2564: 116 2549 2553 2556 -1
2565: 116 -1
2566: 116 -1
2567: 116 -1
2568: 116 2549 2553 -1
2569: 116 2549 2553 -1
2570: 116 2549 2553 -1
2571: 117 -1
2572: 117 -1
2573: 117 -1
2574: 117 -1
2575: 117 -1
2576: 117 -1
2577: 117 -1
2578: 117 -1
2579: 117 -1
2580: 117 -1
2581: 117 -1
2582: 117 -1
2583: 117 -1
2584: 117 -1
2585: 117 -1
2586: 117 -1
2587: 117 -1
2588: 117 -1
2589: 117 -1
2590: 117 -1
2591: 117 -1
2592: 117 -1
2593: 117 -1
2594: 117 -1
2595: 117 -1
2596: 117 -1
2597: 117 -1
2598: 117 -1
2599: 117 -1
2600: 117 -1
2601: 117 -1
2602: 117 -1
2603: 117 -1
2604: 117 -1
2605: 117 -1
2606: 117 -1
2607: 117 -1
2608: 117 -1
2609: 117 -1
2610: 117 -1
2611: 117 -1
2612: 117 -1
2613: 117 -1
2614: 117 203 -1
2615: 117 -1
2616: 117 298 -1
2617: 117 185 -1
2618: 117 -1
2619: 117 -1
2620: 117 -1
2621: 117 -1
2622: 117 -1
2623: 117 -1
2624: 117 -1
2625: 117 -1
2626: 117 -1
2627: 117 -1
2628: 117 -1
2629: 117 -1
2630: 117 -1
2631: 117 -1
2632: 117 -1
2633: 117 -1
2634: 117 -1
2635: 117 -1
2636: 117 -1
2637: 117 -1
2638: 117 -1
2639: 117 -1
2640: 117 -1
2641: 117 -1
2642: 117 -1
2643: 117 -1
2644: 117 -1
2645: 117 -1
2646: 117 -1
2647: 117 -1
2648: 117 -1
2649: 117 -1
2650: 117 -1
2651: 117 -1
2652: 117 -1
2653: 117 -1
2654: 117 -1
2655: 117 -1
2656: 117 -1
2657: 117 -1
2658: 117 -1
2659: 117 -1
2660: 117 -1
2661: 117 -1
2662: 117 -1
2663: 117 -1
2664: 117 -1
2665: 117 -1
2666: 117 -1
2667: 117 -1
2668: 117 -1
2669: 117 -1
2670: 117 -1
2671: 117 -1
2672: 117 -1
2673: 117 -1
2674: 117 -1
2675: 117 -1
2676: 117 -1
2677: 117 -1
2678: 117 -1
2679: 117 -1
2680: 117 -1
2681: 117 -1
2682: 117 -1
2683: 117 -1
2684: 117 -1
2685: 117 -1
2686: 117 -1
2687: 117 -1
2688: 117 -1
2689: 117 -1
2690: 117 -1
2691: 117 -1
2692: 117 -1
2693: 117 -1
2694: -1
2695: 3275 -1
2696: -1
2697: 118 2698 -1
2698: -1
2699: -1
2700: -1
2701: 2445 -1
2702: -1
2703: 2816 -1
2704: 119 280 319 1659 1974 1982 2431 2464 3249 -1
2705: 119 -1
2706: 119 2727 -1
2707: 119 -1
2708: -1
2709: -1
2710: -1
2711: 465 593 789 1071 1660 2012 2543 2815 3163 -1
2712: -1
2713: 274 -1
2714: 625 1045 1050 1085 2724 2726 -1
2715: -1
2716: -1
2717: -1
2718: 1052 -1
2719: -1
2720: -1
2721: -1
2722: -1
2723: -1
2724: 1037 -1
2725: -1
2726: -1
2727: -1
2728: -1
2729: -1
2730: -1
2731: 1045 -1
2732: -1
2733: -1
2734: -1
2735: -1
2736: 2739 2756 2757 2758 2759 2761 2763 2764 2774 2781 2782 2783 -1
2737: 2742 -1
2738: -1
2739: 122 2736 2738 2740 2741 2742 2743 2744 2754 2755 2765 2766 2767 2768 2769 2770 2771 2772 2773 2785 2786 2787 2788 2790 2791 2792 2793 2794 2795 2796 2797 2798 2799 -1
2740: 2739 2756 2757 2758 2759 2774 2781 2782 2783 -1
2741: 2739 2756 2757 2758 2759 2774 2781 2782 2783 -1
2742: 2739 2754 2755 2756 2757 2758 2759 2766 2767 2774 2781 2782 2783 -1
2743: 2739 2756 2757 2758 2759 2774 2781 2782 2783 -1
2744: 2739 2756 2757 2758 2759 2774 2781 2782 2783 -1
2745: 2739 2742 2756 2757 2758 2759 2774 2782 2783 -1
2746: 2739 2742 2756 2757 2758 2759 2774 2781 2782 2783 -1
2747: 122 -1
2748: 122 2793 2794 2795 2796 2797 2798 2799 -1
2749: 122 2793 2794 2795 2796 2797 2798 2799 -1
2750: 122 2793 2794 2795 2796 2797 2798 2799 -1
2751: 122 2795 2796 2798 -1
2752: 122 2798 -1
2753: 2759 -1
2754: 2742 2774 -1
2755: 2739 2742 2756 2757 2758 2759 2774 2782 2783 -1
2756: 122 2740 2741 2742 2754 2771 2772 2793 2794 2795 2796 2797 2798 2799 -1
2757: 122 2736 -1
2758: 122 2740 2741 2742 2744 2755 2771 2772 2793 2794 2795 2796 2797 2798 2799 -1
2759: 122 2736 2740 2741 2742 2743 2744 2754 2755 2765 2766 2767 2768 2770 2771 2772 2773 2793 2794 2795 2796 2797 2798 2799 -1
2760: 322 324 495 2739 2756 2757 2758 2759 2774 2781 2782 2783 3187 3189 -1
2761: 122 2754 2767 2796 -1
2762: 122 -1
2763: 122 -1
2764: 122 2795 -1
2765: 2739 2756 2757 2758 2759 2774 2782 2783 -1
2766: -1
2767: -1
2768: 2739 2756 2757 2758 2759 2774 2782 2783 -1
2769: 2739 2756 2757 2758 2759 2774 2782 2783 -1
2770: 2739 2756 2757 2758 2759 2774 2782 2783 -1
2771: 322 324 2739 2756 2757 2758 2759 2774 2781 2782 2783 -1
2772: 2739 2756 2757 2758 2759 2774 2782 2783 -1
2773: -1
2774: 122 508 2742 2765 2768 -1
2775: 2739 2742 2756 2757 2758 2759 2774 2782 2783 -1
2776: 2739 2742 2756 2757 2758 2759 2774 2782 2783 -1
2777: 2739 2742 2756 2757 2758 2759 2774 2782 2783 -1
2778: 2739 2742 2756 2757 2758 2759 2774 2782 2783 -1
2779: 2742 -1
2780: 2742 -1
2781: 122 2740 2741 2742 2744 2755 2771 2772 2793 2794 2795 2796 2797 2798 2799 -1
2782: 122 2740 2741 2742 2765 2768 2770 2771 2772 2773 2793 2794 2795 2796 2797 2798 2799 -1
2783: 122 2740 2741 2742 2771 2772 2793 2794 2795 2796 2797 2798 2799 -1
2784: 2739 2742 2756 2757 2758 2759 2761 2763 2764 2774 2782 2783 -1
2785: -1
2786: -1
2787: -1
2788: -1
2789: 2742 -1
2790: -1
2791: -1
2792: -1
2793: -1
2794: -1
2795: -1
2796: -1
2797: -1
2798: -1
2799: -1
2800: 123 -1
2801: 2803 -1
2802: -1
2803: -1
2804: -1
2805: -1
2806: -1
2807: -1
2808: -1
2809: -1
2810: -1
2811: -1
2812: -1
2813: -1
2814: -1
2815: -1
2816: 125 -1
2817: 125 -1
2818: 125 -1
2819: 125 -1
2820: 125 -1
2821: 125 322 819 1158 1448 2105 2124 -1
2822: 125 -1
2823: 125 -1
2824: 125 3124 3128 3132 3139 3150 3151 3155 3157 -1
2825: 125 -1
2826: 125 -1
2827: 125 3156 -1
2828: 125 -1
2829: 125 -1
2830: 125 599 -1
2831: 125 167 168 203 209 253 283 309 313 457 491 492 568 569 572 578 580 584 593 599 603 604 615 625 632 638 641 659 692 771 786 794 805 1028 1034 1038 1051 1052 1071 1098 1138 1150 1155 1184 1364 1387 1389 1396 1440 1441 1455 1474 1623 1643 1729 1962 1966 1994 1998 2003 2007 2011 2057 2075 2085 2096 2105 2124 2131 2383 2404 2439 2446 2539 2540 2696 2708 2712 2717 2726 2732 2735 2801 2803 2811 3133 3136 3138 3139 3143 3149 3156 3163 3192 3203 3238 3304 3312 3317 3456 -1
2832: 125 -1
2833: 125 -1
2834: 125 -1
2835: 125 601 3139 3452 -1
2836: 125 -1
2837: 125 2445 -1
2838: 125 1141 1154 1155 1156 -1
2839: 125 -1
2840: 125 -1
2841: 125 -1
2842: 125 275 -1
2843: 125 514 1081 1092 1133 1442 3126 -1
2844: 125 -1
2845: 125 -1
2846: 125 646 1637 -1
2847: 125 -1
2848: 125 3128 3139 3153 3159 3162 3166 -1
2849: 125 2851 -1
2850: 125 1484 2851 3124 3130 -1
2851: 3129 -1
2852: 126 565 -1
2853: 126 565 1976 1989 -1
2854: 126 290 565 795 2189 -1
2855: 126 565 -1
2856: 126 292 565 2131 -1
2857: 126 292 565 637 -1
2858: 126 565 -1
2859: 126 565 2403 -1
2860: 126 562 565 641 823 2073 -1
2861: 126 188 203 209 211 218 304 305 310 311 465 495 496 565 593 701 1071 1083 1448 1455 1967 2735 2808 2815 3218 -1
2862: 126 565 2086 -1
2863: 126 338 565 769 1453 1637 1643 1653 -1
2864: 126 562 565 -1
2865: 126 502 565 1455 1643 2717 -1
2866: 126 565 -1
2867: 126 565 -1
2868: 126 565 593 -1
2869: 126 565 -1
2870: 126 565 -1
2871: 126 565 -1
2872: 126 565 -1
2873: 126 565 -1
2874: 126 560 565 1623 1630 1996 2071 -1
2875: 126 286 295 401 565 611 613 615 622 625 631 765 1102 1154 1331 1630 1636 1637 1653 2717 2730 2812 3327 3452 -1
2876: 126 161 560 561 565 603 1092 1395 1630 1637 -1
2877: 126 565 1087 1643 1966 -1
2878: 126 161 270 282 285 337 488 565 573 574 579 593 766 865 994 1071 1324 1325 1455 1468 1637 1643 1653 2071 2095 2119 2407 2414 2465 2466 2696 3188 -1
2879: 126 286 292 562 565 611 644 780 1048 1079 1102 1660 2077 2119 -1
2880: 126 565 -1
2881: 126 562 565 -1
2882: 126 208 337 560 565 1085 1093 1642 1654 1990 2071 2540 -1
2883: 126 565 593 1186 3127 -1
2884: 126 565 -1
2885: 126 218 302 303 304 305 310 311 478 496 508 565 593 599 988 1071 1357 1967 2013 2342 2403 2808 2814 2815 3006 3133 3249 3309 3420 3451 3454 3455 -1
2886: 126 565 -1
2887: 126 177 283 295 509 560 561 565 603 612 636 1085 1191 1453 1473 1481 1630 1637 1640 1642 1643 1647 1653 1976 1989 2009 -1
2888: 126 565 635 -1
2889: 126 292 565 -1
2890: 126 565 -1
2891: 126 565 -1
2892: 126 565 2446 2726 -1
2893: 126 565 2071 -1
2894: 126 565 625 1643 -1
2895: 126 565 601 1092 1475 1630 -1
2896: 126 209 565 593 1344 2206 3293 -1
2897: 126 565 -1
2898: 126 565 593 -1
2899: 126 167 178 283 292 295 333 339 507 558 560 565 603 613 615 617 628 629 773 823 862 1042 1093 1095 1120 1324 1325 1364 1394 1626 1632 1636 1651 1653 1655 1656 1976 2071 2073 2189 -1
2900: 126 565 -1
2901: 126 565 638 789 2735 -1
2902: 126 565 -1
2903: 126 565 -1
2904: 126 292 565 -1
2905: 126 292 337 565 611 617 773 805 1049 1448 1645 1654 1973 1976 1977 1980 1989 2009 -1
2906: 126 161 283 295 562 565 601 646 1051 1083 -1
2907: 126 170 206 565 579 593 1046 1084 1328 1448 1626 1632 1636 1637 1649 1656 2071 3136 3143 3456 -1
2908: 126 565 593 -1
2909: 126 187 286 565 573 574 1342 1393 1448 1455 1484 2726 3163 3456 -1
2910: 126 565 765 1643 -1
2911: 126 565 -1
2912: 126 565 1086 2815 3456 -1
2913: 126 286 565 606 1152 1435 1438 1444 1451 2721 2726 -1
2914: 126 565 -1
2915: 126 178 565 579 1120 3249 3451 3454 3455 -1
2916: 126 565 -1
2917: 126 565 1653 -1
2918: 126 295 565 601 1101 3192 3195 3203 -1
2919: 126 565 -1
2920: 126 565 -1
2921: 126 565 632 -1
2922: 126 560 565 823 1643 1658 1996 2070 2071 2073 -1
2923: 126 565 611 2735 -1
2924: 126 565 -1
2925: 126 565 -1
2926: 126 565 601 2454 -1
2927: 126 565 -1
2928: 126 209 565 593 1455 2075 3456 -1
2929: 126 565 -1
2930: 126 565 2001 -1
2931: 126 565 -1
2932: 126 558 565 1048 1051 1083 2717 -1
2933: 126 565 -1
2934: 126 565 -1
2935: 126 195 292 464 507 565 612 636 769 1324 1325 1481 1631 1643 1645 1653 1655 1656 1976 1989 2071 -1
2936: 126 161 560 565 597 621 629 635 1046 1630 1637 2470 -1
2937: 126 565 -1
2938: 126 565 -1
2939: 126 565 -1
2940: 126 565 -1
2941: 126 565 1084 -1
2942: 126 565 603 765 -1
2943: 126 204 208 209 215 253 271 286 299 303 304 312 314 315 465 565 580 593 599 625 638 673 765 782 789 1051 1068 1073 1086 1153 1156 1184 1393 1455 1643 1961 1966 2011 2012 2066 2084 2206 2457 2461 2462 2543 2735 2806 2815 3006 3218 -1
2944: 126 565 -1
2945: 126 565 3308 -1
2946: 126 565 3138 -1
2947: 126 292 565 -1
2948: 126 565 -1
2949: 126 565 -1
2950: 126 565 641 -1
2951: 126 565 -1
2952: 126 565 -1
2953: 126 565 -1
2954: 126 565 765 -1
2955: 126 565 -1
2956: 126 464 565 -1
2957: 126 565 -1
2958: 126 565 -1
2959: 126 565 -1
2960: 126 565 -1
2961: 126 565 -1
2962: 126 565 -1
2963: 126 565 766 769 1484 1637 1645 -1
2964: 126 295 565 1085 1989 -1
2965: 126 565 625 641 -1
2966: 126 565 -1
2967: 126 565 -1
2968: 126 565 1046 1996 3452 -1
2969: 126 292 565 1643 1994 -1
2970: 126 565 -1
2971: 126 507 565 1643 -1
2972: 126 565 -1
2973: 126 295 339 560 565 597 629 635 646 1046 1391 1630 1653 2071 -1
2974: 126 565 646 765 1484 1976 -1
2975: 126 565 -1
2976: 126 565 1470 2447 -1
2977: 126 565 -1
2978: 126 565 -1
2979: 126 565 -1
2980: 126 565 -1
2981: 126 565 -1
2982: 126 565 -1
2983: 126 565 -1
2984: 126 209 488 560 565 2071 -1
2985: 126 209 212 218 478 565 593 1008 1345 2815 -1
2986: 126 493 513 565 641 1637 1653 2806 3138 -1
2987: 126 161 178 185 281 283 292 402 492 495 496 510 565 568 604 633 765 1051 1071 1093 1116 1129 1182 1344 1365 1386 1440 1455 1484 1623 1631 1642 1643 1967 2093 2116 2122 2124 2696 2735 2805 3124 3134 3149 3198 3303 3312 -1
2988: 126 283 565 -1
2989: 126 275 286 493 513 565 597 625 631 865 1117 1120 1122 1341 1349 1365 1470 1657 1989 1990 2106 2116 2117 2125 2126 2130 2467 2717 3453 -1
2990: 126 488 565 -1
2991: 126 565 1155 1158 2735 -1
2992: 126 560 565 -1
2993: 126 565 1637 -1
2994: 126 565 -1
2995: 126 292 565 -1
2996: 126 3004 -1
2997: 126 3004 -1
2998: 126 3004 -1
2999: 126 3004 -1
3000: 126 3004 -1
3001: 126 3004 -1
3002: 126 135 205 285 305 325 459 476 574 848 993 1067 1106 1382 1387 1463 1664 1887 1998 2015 2078 2803 3004 3139 3172 3195 3228 3245 3454 -1
3003: 126 135 205 285 305 325 459 476 574 848 993 1067 1106 1382 1387 1463 1664 1887 1998 2015 2078 2803 3004 3139 3172 3195 3228 3245 3454 -1
3004: 2998 -1
3005: 127 -1
3006: 127 -1
3007: 127 -1
3008: 127 -1
3009: 127 -1
3010: 127 -1
3011: 127 -1
3012: 127 2011 3005 3006 3007 3008 3010 3011 -1
3013: 127 -1
3014: 127 -1
3015: 127 210 304 463 1966 -1
3016: 127 299 304 784 1968 2815 3006 3010 -1
3017: 127 305 310 311 1345 3006 3011 -1
3018: 127 1113 3011 -1
3019: 127 -1
3020: 127 215 299 303 463 495 593 989 1184 1357 1455 1643 1981 2013 2014 2015 3006 3319 -1
3021: 127 1435 1438 1440 1444 1451 3006 3011 -1
3022: 127 3011 -1
3023: 127 3011 -1
3024: 127 3006 3011 -1
3025: 127 3011 -1
3026: 127 3011 -1
3027: 402 2568 -1
3028: 128 -1
3029: 128 3033 -1
3030: 128 -1
3031: 128 291 508 513 1333 -1
3032: 128 625 1097 1183 -1
3033: 128 -1
3034: -1
3035: -1
3036: 129 3034 3035 -1
3037: 130 131 3038 3039 3041 -1
3038: -1
3039: -1
3040: 131 -1
3041: -1
3042: 132 -1
3043: 133 -1
3044: 133 3045 3047 3048 3074 3080 3081 3082 3083 3084 3085 3086 3087 3088 3089 3101 3102 3103 3104 3105 3106 3107 -1
3045: 3044 3046 3048 3067 3068 3069 3070 3071 3072 3073 3075 3076 3077 3078 3079 3090 3091 3092 3093 3094 3095 3096 3097 3098 3099 3100 3108 3109 3110 -1
3046: 133 3048 -1
3047: 3044 3067 3068 3069 3070 3071 3073 3075 3076 3077 3078 3079 3090 3091 3092 3093 3095 3096 3097 3098 3099 3100 3108 3110 -1
3048: 133 3044 3045 3047 3067 3068 3069 3070 3071 3073 3074 3075 3076 3077 3078 3079 3080 3081 3082 3083 3084 3085 3086 3087 3088 3089 3090 3091 3092 3093 3095 3096 3097 3098 3099 3100 3101 3102 3103 3104 3105 3106 3107 3108 3110 -1
3049: 133 -1
3050: 133 -1
3051: 133 -1
3052: 133 -1
3053: 133 -1
3054: 133 -1
3055: 133 -1
3056: 133 -1
3057: 133 -1
3058: 133 -1
3059: 133 -1
3060: 133 -1
3061: 133 -1
3062: 133 -1
3063: 133 -1
3064: 133 -1
3065: 133 -1
3066: 133 -1
3067: -1
3068: -1
3069: -1
3070: -1
3071: -1
3072: -1
3073: -1
3074: -1
3075: -1
3076: -1
3077: -1
3078: -1
3079: -1
3080: -1
3081: -1
3082: -1
3083: -1
3084: -1
3085: -1
3086: -1
3087: -1
3088: -1
3089: -1
3090: -1
3091: -1
3092: -1
3093: -1
3094: -1
3095: -1
3096: -1
3097: -1
3098: -1
3099: -1
3100: -1
3101: -1
3102: -1
3103: -1
3104: -1
3105: -1
3106: -1
3107: -1
3108: -1
3109: -1
3110: -1
3111: 134 770 -1
3112: 134 -1
3113: 134 -1
3114: 2080 2081 2082 2084 2090 2091 2092 2099 2100 2101 2102 2103 -1
3115: 135 166 265 288 402 508 572 596 765 1346 1659 -1
3116: 135 265 660 3006 3026 -1
3117: 135 -1
3118: 135 -1
3119: 135 -1
3120: 135 -1
3121: 135 -1
3122: 135 -1
3123: 135 -1
3124: -1
3125: 3165 -1
3126: -1
3127: -1
3128: -1
3129: -1
3130: -1
3131: -1
3132: -1
3133: -1
3134: -1
3135: -1
3136: -1
3137: -1
3138: -1
3139: -1
3140: -1
3141: -1
3142: 3157 -1
3143: -1
3144: -1
3145: -1
3146: -1
3147: -1
3148: -1
3149: -1
3150: -1
3151: -1
3152: -1
3153: -1
3154: -1
3155: -1
3156: -1
3157: -1
3158: -1
3159: -1
3160: -1
3161: 3126 3127 3129 3131 3132 3133 3137 3147 3151 3159 3163 3166 -1
3162: -1
3163: -1
3164: -1
3165: -1
3166: -1
3167: -1
3168: 137 182 265 401 440 609 617 778 794 814 1111 1340 1588 1594 1595 2001 2010 3170 3172 3173 3175 -1
3169: 137 -1
3170: -1
3171: 137 -1
3172: -1
3173: -1
3174: -1
3175: 3172 -1
3176: -1
3177: 138 -1
3178: 138 -1
3179: 195 208 290 292 485 614 1051 1629 2545 3120 -1
3180: -1
3181: -1
3182: -1
3183: 139 299 304 593 638 1968 2085 3164 3186 3189 -1
3184: 3190 -1
3185: -1
3186: -1
3187: -1
3188: -1
3189: -1
3190: -1
3191: -1
3192: 3195 -1
3193: -1
3194: -1
3195: -1
3196: -1
3197: -1
3198: -1
3199: -1
3200: 1340 -1
3201: 3196 3198 -1
3202: -1
3203: -1
3204: -1
3205: 141 -1
3206: 141 3215 -1
3207: 141 1312 1332 2061 3225 3226 -1
3208: 141 492 513 1075 3218 -1
3209: 141 1028 1344 -1
3210: 141 -1
3211: 141 -1
3212: 141 -1
3213: 141 1198 -1
3214: 141 -1
3215: -1
3216: -1
3217: -1
3218: 1311 -1
3219: 1312 -1
3220: -1
3221: -1
3222: 3206 3223 -1
3223: -1
3224: 3206 3223 -1
3225: -1
3226: -1
3227: -1
3228: -1
3229: 3223 -1
3230: -1
3231: 2361 -1
3232: 2361 -1
3233: 2361 -1
3234: 2361 -1
3235: -1
3236: -1
3237: -1
3238: -1
3239: -1
3240: 2361 -1
3241: -1
3242: -1
3243: -1
3244: 2361 -1
3245: -1
3246: -1
3247: -1
3248: 2361 -1
3249: -1
3250: -1
3251: -1
3252: 2361 -1
3253: -1
3254: -1
3255: 143 3262 3263 -1
3256: 392 1144 3255 3259 -1
3257: 392 3255 3259 -1
3258: 392 3255 3259 -1
3259: 143 392 3255 3258 3262 3263 -1
3260: 394 395 396 412 413 414 426 436 437 2064 3149 3255 -1
3261: 143 3255 3262 3263 -1
3262: -1
3263: -1
3264: 3270 -1
3265: 144 -1
3266: 144 -1
3267: 144 3138 -1
3268: 144 -1
3269: 144 -1
3270: 144 -1
3271: 145 402 403 2000 -1
3272: 145 2161 -1
3273: -1
3274: -1
3275: -1
3276: -1
3277: -1
3278: -1
3279: -1
3280: -1
3281: -1
3282: 146 -1
3283: 146 -1
3284: 146 3283 -1
3285: 3291 -1
3286: -1
3287: -1
3288: -1
3289: -1
3290: -1
3291: 492 646 1156 2206 2735 3285 -1
3292: -1
3293: -1
3294: -1
3295: -1
3296: -1
3297: -1
3298: -1
3299: -1
3300: -1
3301: -1
3302: -1
3303: -1
3304: -1
3305: -1
3306: -1
3307: -1
3308: -1
3309: -1
3310: -1
3311: -1
3312: -1
3313: -1
3314: -1
3315: -1
3316: -1
3317: -1
3318: -1
3319: -1
3320: -1
3321: -1
3322: -1
3323: -1
3324: -1
3325: -1
3326: -1
3327: -1
3328: 147 1135 1317 1322 1333 3275 -1
3329: 147 -1
3330: 147 -1
3331: 147 -1
3332: 148 1108 3365 -1
3333: 148 299 304 314 462 593 778 1383 1385 2011 2543 3365 -1
3334: 148 1340 1341 -1
3335: 148 593 3459 -1
3336: 148 286 593 644 3277 -1
3337: 148 -1
3338: 148 3423 -1
3339: 148 789 3278 -1
3340: 148 304 314 -1
3341: 148 304 593 789 3366 -1
3342: 148 789 2206 -1
3343: 148 593 2445 2446 3351 -1
3344: 148 -1
3345: 148 208 593 789 -1
3346: 148 304 593 789 -1
3347: 148 593 -1
3348: 148 304 447 593 789 1393 2011 2012 2013 2543 2696 2716 2735 2801 2803 2815 3006 -1
3349: 148 304 593 789 3250 3365 -1
3350: 148 170 462 593 789 1053 1321 1344 1364 2543 3276 3277 -1
3351: 148 593 789 3277 -1
3352: 148 271 2453 3365 -1
3353: 148 304 2466 -1
3354: 148 253 292 593 625 646 789 1084 1102 1184 1643 1960 1962 1966 2726 3317 3457 -1
3355: 148 789 -1
3356: 148 1966 -1
3357: 148 789 1342 -1
3358: 148 217 245 299 312 1132 1351 -1
3359: 148 209 299 2012 2013 -1
3360: 148 593 1053 1340 3280 -1
3361: 148 -1
3362: 148 -1
3363: 148 463 593 999 2458 2543 3456 -1
3364: 148 -1
3365: 148 593 789 3277 3366 -1
3366: 148 -1
3367: 148 304 463 593 611 789 1070 1455 1959 2130 2344 3125 -1
3368: 148 299 789 1053 -1
3369: 148 -1
3370: 148 211 304 593 599 784 789 980 999 1073 1132 1139 1143 1152 1441 1443 1735 1960 1961 1967 2011 2012 2543 2735 3006 3025 3278 3358 3368 -1
3371: 148 3276 -1
3372: 148 208 593 789 2010 3276 -1
3373: 148 593 789 3246 3251 3278 3317 -1
3374: 148 -1
3375: 148 462 593 2075 3451 3454 3455 -1
3376: 148 593 -1
3377: 148 185 209 593 617 991 2070 2075 2815 3456 -1
3378: 148 -1
3379: 148 593 638 642 714 1643 2070 -1
3380: 148 -1
3381: 148 593 1393 -1
3382: 148 -1
3383: 148 267 593 988 993 996 1000 1108 1110 1111 1112 1113 1118 1124 1364 2075 2185 2197 2455 3276 3459 -1
3384: 148 161 2455 -1
3385: 148 -1
3386: 148 295 593 597 2075 2455 -1
3387: 148 -1
3388: 148 593 3277 -1
3389: 148 295 593 1657 2075 3277 -1
3390: 148 1364 -1
3391: 148 -1
3392: 148 1323 2075 -1
3393: 148 593 3186 -1
3394: 148 593 1135 1657 3277 -1
3395: 148 -1
3396: 148 210 593 789 1657 2075 3278 3280 -1
3397: 148 450 593 673 987 3456 3459 -1
3398: 148 -1
3399: 148 -1
3400: 148 -1
3401: 148 -1
3402: 148 -1
3403: 148 283 286 290 464 508 593 599 616 643 646 772 1071 1440 1448 1484 1653 2105 2124 2735 2804 3124 3131 3133 3139 3149 3151 3163 -1
3404: 148 593 -1
3405: 148 2455 -1
3406: 148 -1
3407: 148 -1
3408: 148 714 1126 -1
3409: 148 572 593 1028 1132 1448 2735 3187 3191 3312 -1
3410: 148 462 493 1113 2543 -1
3411: 148 187 2075 3308 -1
3412: 148 593 2453 -1
3413: 148 593 1069 -1
3414: 148 178 593 782 1037 1364 1657 2075 -1
3415: 148 593 621 782 1110 1324 1325 3456 -1
3416: 148 789 -1
3417: 148 1976 -1
3418: 148 295 593 1364 1639 1657 2455 3280 3459 -1
3419: 148 495 593 1364 2455 2804 -1
3420: 148 488 789 1008 3278 -1
3421: 148 593 -1
3422: 148 597 -1
3423: 148 -1
3424: 148 593 789 3350 -1
3425: 148 -1
3426: 148 -1
3427: 148 593 597 1351 1362 2075 2455 -1
3428: 148 789 3278 -1
3429: 148 218 286 291 299 304 305 310 311 314 332 462 593 599 714 988 1008 1069 1071 1131 1138 1341 1364 1455 1960 1966 1984 2011 2075 2085 2086 2403 2442 2457 2461 2462 2679 2735 2815 3010 3303 3319 3459 -1
3430: 148 593 597 789 1654 2453 3277 3278 3280 -1
3431: 148 290 593 -1
3432: 148 -1
3433: 148 593 1477 2068 3277 -1
3434: 148 -1
3435: 148 -1
3436: 148 593 1364 1654 2455 3241 3277 3459 -1
3437: 148 210 218 1070 2343 2344 2815 -1
3438: 148 597 -1
3439: 148 485 593 -1
3440: 148 -1
3441: 148 161 513 1340 1343 1629 3459 -1
3442: 148 492 493 593 789 1071 1455 2206 3277 3459 -1
3443: 148 282 285 286 562 593 631 1135 2098 2721 3124 -1
3444: 148 593 1650 3459 -1
3445: 148 295 593 2066 2075 3459 -1
3446: 148 -1
3447: 148 332 2012 2071 2403 -1
3448: 148 161 295 337 593 1333 1340 1650 2470 3249 3452 3453 -1
3449: 148 3450 -1
3450: -1
3451: 3454 -1
3452: -1
3453: -1
3454: -1
3455: -1
3456: 593 775 783 793 -1
3457: -1
3458: -1
3459: -1
